0.000000 0.000000 0.000000 0.000000 0.000001 0.000005 -0.000001 1.000000
0.201000 0.018038 0.000003 0.004048 -0.000215 0.000007 0.000004 1.000000
0.402000 0.203685 -0.000575 0.003521 -0.000364 -0.000108 -0.002006 0.999998
0.601000 0.400049 0.000021 0.006747 -0.000332 -0.000184 -0.001605 0.999999
0.797000 0.592962 0.000423 0.011675 -0.000278 -0.000267 -0.001409 0.999999
0.998000 0.797238 -0.001277 0.017607 -0.000870 -0.000389 0.001563 0.999998
1.200000 1.004438 0.002856 0.010373 0.001246 -0.000278 0.004253 0.999990
1.398000 1.202483 0.009346 0.014021 0.001202 -0.000256 0.008088 0.999967
1.596000 1.401706 0.013793 0.016506 0.001361 -0.000366 0.009460 0.999954
1.792000 1.594679 0.018189 0.020522 0.001273 -0.000478 0.010935 0.999939
2.001000 1.813562 0.020442 0.023245 0.001556 -0.000526 0.014112 0.999899
2.200000 2.016446 0.031724 0.017970 0.003401 -0.000562 0.017162 0.999847
2.401000 2.219385 0.041762 0.021400 0.003072 -0.000615 0.019347 0.999808
2.592000 2.412168 0.050564 0.021547 0.003806 -0.000717 0.021817 0.999754
2.797000 2.611353 0.062490 0.026184 0.004351 -0.000730 0.023217 0.999721
2.993000 2.810078 0.074548 0.029357 0.005159 -0.000861 0.025274 0.999667
3.201000 3.020741 0.086580 0.021586 0.006580 -0.000939 0.027949 0.999587
3.397000 3.211107 0.100628 0.027309 0.005437 -0.001253 0.030548 0.999518
3.596000 3.411182 0.114938 0.024314 0.006617 -0.001468 0.032284 0.999456
3.793000 3.606507 0.128611 0.031609 0.006319 -0.001573 0.034446 0.999385
3.999000 3.814904 0.146829 0.030807 0.007352 -0.001864 0.035665 0.999335
4.194000 4.005540 0.158450 0.030557 0.006047 -0.002120 0.037670 0.999270
4.400000 4.545434 0.212456 0.307607 0.004874 -0.002528 0.040251 0.999174
4.596000 4.737848 0.231368 0.311345 0.004607 -0.002815 0.042448 0.999084
4.794000 4.939360 0.250003 0.312156 0.004902 -0.003063 0.044677 0.998985
4.997000 5.138274 0.272286 0.317263 0.004999 -0.003418 0.047702 0.998843
5.196000 5.344263 0.293278 0.319407 0.005948 -0.003661 0.049775 0.998736
5.391000 5.531947 0.315185 0.317345 0.006764 -0.003584 0.050997 0.998669
5.599000 5.510663 0.332941 0.226528 0.004769 0.019803 0.063478 0.997775
5.799000 5.711326 0.361362 0.225978 0.004852 0.019553 0.066746 0.997567
5.995000 5.907147 0.392106 0.219616 0.005324 0.019535 0.068564 0.997441
6.200000 6.105196 0.419451 0.213591 0.005350 0.019264 0.070284 0.997327
6.396000 6.301595 0.451353 0.204533 0.006065 0.019379 0.073593 0.997082
6.596000 6.506687 0.466351 0.194039 0.006582 0.019229 0.053739 0.998348
6.799000 6.708915 0.478376 0.190488 0.005787 0.018966 0.041570 0.998939
6.996000 6.896769 0.491795 0.184806 0.005796 0.018783 0.036493 0.999141
7.195000 7.105586 0.502523 0.176023 0.005636 0.018782 0.032718 0.999272
7.400000 7.306566 0.516427 0.171077 0.006124 0.018657 0.031398 0.999314
7.598000 7.507875 0.525398 0.165119 0.005143 0.018529 0.031218 0.999328
7.800000 7.707316 0.541274 0.156761 0.005628 0.017750 0.031001 0.999346
7.995000 7.907681 0.554328 0.145865 0.006622 0.017656 0.030921 0.999344
8.199000 8.113054 0.568425 0.142746 0.006853 0.017314 0.030954 0.999347
8.396000 8.315709 0.578684 0.132704 0.006356 0.016670 0.031014 0.999360
8.593000 7.522309 0.505163 0.138929 0.006121 0.019657 0.031693 0.999286
8.793000 7.762760 0.525112 0.127881 0.006944 0.019382 0.031595 0.999289
8.999000 7.965726 0.537870 0.116875 0.007423 0.019392 0.031633 0.999284
9.193000 8.153020 0.552101 0.111524 0.007417 0.019158 0.031567 0.999290
9.398000 8.361735 0.562965 0.098360 0.007286 0.019002 0.031638 0.999292
9.592000 8.851724 0.519915 0.242504 0.007995 -0.001092 0.021238 0.999742
9.797000 9.035237 0.523106 0.254568 0.006691 -0.000926 0.021146 0.999754
10.000000 9.242667 0.531842 0.247036 0.006326 -0.001017 0.021091 0.999757
10.194000 9.429521 0.540816 0.243169 0.006897 -0.000893 0.020769 0.999760
10.402000 9.647136 0.548458 0.240249 0.006469 -0.001072 0.020734 0.999764
10.599000 9.844934 0.555409 0.238890 0.006270 -0.001320 0.020812 0.999763
10.796000 10.115805 0.586985 0.254896 0.005201 -0.003214 0.022823 0.999721
11.002000 10.311803 0.592242 0.263087 0.004315 -0.003280 0.023342 0.999713
11.196000 10.499125 0.601485 0.267093 0.003056 -0.003450 0.023361 0.999716
11.399000 10.708766 0.606731 0.256829 0.002126 -0.003767 0.023532 0.999714
11.592000 10.899995 0.620274 0.266073 0.003018 -0.003452 0.023594 0.999711
11.791000 11.112073 0.629984 0.258021 0.003433 -0.003534 0.023753 0.999706
12.001000 11.318795 0.644491 0.257060 0.004558 -0.002955 0.023769 0.999703
12.196000 11.509255 0.651035 0.267259 0.005178 -0.002957 0.023833 0.999698
12.402000 11.703806 0.661827 0.275160 0.004786 -0.003119 0.023729 0.999702
12.599000 11.916588 0.671214 0.271079 0.005415 -0.003169 0.023769 0.999698
12.795000 12.117230 0.682150 0.280531 0.005010 -0.003518 0.023736 0.999700
12.994000 12.325418 0.691042 0.277105 0.005469 -0.003485 0.023765 0.999697
13.198000 12.509270 0.699103 0.291026 0.004656 -0.003681 0.023752 0.999700
13.396000 12.699124 0.708505 0.286241 0.005378 -0.003882 0.023805 0.999695
13.603000 12.903623 0.720715 0.291854 0.005758 -0.004157 0.023816 0.999691
13.800000 13.107271 0.725613 0.289176 0.005973 -0.004526 0.018132 0.999808
13.995000 13.304871 0.731273 0.288764 0.007493 -0.004902 0.010070 0.999909
14.200000 13.695041 0.701409 0.316197 0.007174 -0.007820 0.003280 0.999938
14.396000 13.835488 0.698942 0.332991 0.006549 -0.007612 0.001373 0.999949
14.599000 14.050736 0.699544 0.333688 0.006532 -0.008139 0.000899 0.999945
14.794000 14.242164 0.698409 0.334214 0.006852 -0.008586 -0.002078 0.999938
15.000000 14.456486 0.690428 0.340349 0.006330 -0.008928 -0.008629 0.999903
15.195000 14.653074 0.689518 0.343601 0.008078 -0.008760 -0.012076 0.999856
15.398000 14.946934 0.682500 0.355451 0.007039 -0.010018 -0.013482 0.999834
15.594000 15.109190 0.673752 0.370574 0.006191 -0.010346 -0.013684 0.999834
15.799000 15.322328 0.669412 0.369947 0.007050 -0.010402 -0.013576 0.999829
15.994000 15.516650 0.664166 0.378032 0.006448 -0.010618 -0.013572 0.999831
16.199000 15.727981 0.658633 0.371292 0.006692 -0.010788 -0.013473 0.999829
16.397000 15.911819 0.651941 0.373734 0.006226 -0.010966 -0.013331 0.999832
16.597000 16.168825 0.659837 0.300503 0.016777 -0.006621 -0.012899 0.999754
16.802000 16.344711 0.652213 0.301840 0.016107 -0.006934 -0.013124 0.999760
16.999000 16.551722 0.646150 0.309011 0.015690 -0.007032 -0.013100 0.999766
17.194000 16.733013 0.641649 0.317700 0.015957 -0.007406 -0.013005 0.999761
17.402000 16.977165 0.636031 0.320531 0.015697 -0.007704 -0.012613 0.999768
17.599000 17.155500 0.634046 0.319745 0.017042 -0.007853 -0.012618 0.999744
17.793000 17.381880 0.623909 0.314452 0.014742 -0.007570 -0.012481 0.999785
17.999000 17.570127 0.620236 0.315682 0.015302 -0.007563 -0.012628 0.999775
18.192000 17.774012 0.612855 0.312766 0.014523 -0.007364 -0.012570 0.999788
18.399000 17.984119 0.605725 0.317404 0.013468 -0.007185 -0.012673 0.999803
18.594000 18.181461 0.597364 0.321917 0.011854 -0.006954 -0.012517 0.999827
18.798000 18.082823 0.627222 0.266570 0.019905 -0.003978 -0.009974 0.999744
18.995000 18.305088 0.625476 0.269353 0.020036 -0.003538 -0.009886 0.999744
19.201000 18.542171 0.621229 0.266109 0.021217 -0.003043 -0.009557 0.999725
19.397000 18.732647 0.619737 0.261805 0.021006 -0.001635 -0.009094 0.999737
19.593000 18.946554 0.615288 0.266389 0.021576 -0.000494 -0.008606 0.999730
19.801000 19.271275 0.600725 0.262610 0.021707 0.004806 -0.008888 0.999713
19.996000 19.419338 0.597632 0.252052 0.022300 0.004469 -0.008538 0.999705
20.193000 19.619396 0.592993 0.253078 0.021470 0.004124 -0.008211 0.999727
20.396000 19.835844 0.585785 0.261782 0.020234 0.003959 -0.007755 0.999757
20.592000 20.022419 0.584372 0.260722 0.020593 0.003773 -0.007518 0.999753
20.795000 20.224825 0.579048 0.260160 0.019822 0.003692 -0.007274 0.999770
20.999000 20.471653 0.581496 0.259696 0.020432 0.003286 -0.006937 0.999762
21.193000 20.651577 0.580643 0.250875 0.021358 0.002798 -0.006448 0.999747
21.399000 20.857117 0.578458 0.254205 0.021705 0.002549 -0.006327 0.999741
21.599000 21.056234 0.574899 0.259346 0.021219 0.002225 -0.006103 0.999754
21.796000 21.264954 0.573483 0.253012 0.021627 0.002034 -0.005406 0.999749
21.994000 21.469072 0.566696 0.259705 0.019109 0.001422 -0.005217 0.999803
22.199000 21.701319 0.565113 0.256179 0.019396 0.000963 -0.004714 0.999800
22.395000 21.877369 0.563609 0.258501 0.019539 0.000370 -0.004499 0.999799
22.593000 22.083303 0.561000 0.258019 0.019080 -0.000086 -0.004153 0.999809
22.798000 22.279154 0.558308 0.263507 0.018738 -0.000323 -0.003659 0.999818
22.994000 22.494135 0.558084 0.258783 0.019438 -0.000993 -0.003467 0.999805
23.199000 22.688345 0.555046 0.263994 0.018408 -0.000973 -0.002898 0.999826
23.395000 22.908264 0.552537 0.257708 0.017889 -0.001306 -0.002676 0.999836
23.600000 23.080307 0.553307 0.263742 0.018588 -0.001721 -0.002636 0.999822
23.797000 23.295462 0.550625 0.267249 0.018038 -0.001890 -0.002230 0.999833
23.993000 23.483475 0.548975 0.272398 0.017397 -0.001907 -0.001984 0.999845
24.200000 23.720678 0.544922 0.270889 0.016555 -0.002126 -0.001590 0.999859
24.394000 23.897007 0.548321 0.269504 0.017650 -0.002483 -0.001213 0.999840
24.600000 24.212107 0.542437 0.283632 0.015088 -0.003494 -0.001309 0.999879
24.799000 24.385574 0.541655 0.291201 0.014060 -0.003728 -0.001195 0.999893
24.994000 24.578878 0.539710 0.296624 0.013937 -0.003903 -0.001071 0.999895
25.199000 24.792065 0.539918 0.302008 0.013578 -0.004069 -0.000769 0.999899
25.399000 24.999668 0.538727 0.301614 0.013679 -0.004123 -0.000318 0.999898
25.602000 25.211258 0.537528 0.293357 0.013088 -0.004163 -0.000124 0.999906
25.796000 25.425083 0.536804 0.295252 0.012987 -0.004260 0.000159 0.999907
25.994000 25.564688 0.539595 0.296255 0.014073 -0.004471 0.000362 0.999891
26.199000 25.760096 0.538269 0.303311 0.013837 -0.004586 0.000466 0.999894
26.401000 25.962820 0.540019 0.306076 0.014230 -0.004646 0.000540 0.999888
26.596000 26.172211 0.539224 0.308670 0.014174 -0.004768 0.001035 0.999888
26.792000 26.383434 0.534427 0.298976 0.011320 -0.004498 0.001535 0.999925
26.997000 26.582602 0.536636 0.307703 0.012556 -0.004632 0.001765 0.999909
27.199000 26.761927 0.541309 0.307843 0.013555 -0.004675 0.002065 0.999895
27.396000 26.953131 0.538822 0.315642 0.012882 -0.004677 0.002528 0.999903
27.601000 27.158152 0.541875 0.318683 0.013110 -0.004658 0.002972 0.999899
27.799000 27.378294 0.538792 0.317186 0.011665 -0.004365 0.003229 0.999917
27.996000 27.585554 0.540260 0.320872 0.011367 -0.004248 0.003608 0.999920
28.200000 27.773643 0.543852 0.317326 0.012242 -0.004150 0.004027 0.999908
28.396000 27.958452 0.545914 0.319315 0.012347 -0.003945 0.004133 0.999907
28.602000 28.163622 0.547705 0.318037 0.012957 -0.003822 0.004307 0.999899
28.796000 28.379644 0.552746 0.319203 0.013900 -0.003689 0.004580 0.999886
29.000000 28.684738 0.548101 0.294841 0.015602 -0.002798 0.004907 0.999862
29.193000 28.839886 0.551472 0.299233 0.015962 -0.002857 0.005188 0.999855
29.396000 29.008862 0.554639 0.301955 0.016240 -0.002682 0.005349 0.999850
29.593000 29.231604 0.556468 0.298554 0.016472 -0.002231 0.005767 0.999845
29.799000 29.426546 0.560239 0.304589 0.016543 -0.002165 0.006041 0.999843
29.992000 29.648357 0.561749 0.300781 0.017196 -0.001945 0.006259 0.999831
30.198000 29.882118 0.558114 0.288275 0.018634 -0.001483 0.005990 0.999807
30.392000 30.046267 0.558917 0.296984 0.018094 -0.001372 0.006167 0.999816
30.595000 30.219807 0.564665 0.297123 0.018982 -0.001178 0.006296 0.999799
30.793000 30.436823 0.564400 0.284098 0.018500 -0.000938 0.006361 0.999808
30.998000 30.650217 0.568487 0.289856 0.018336 -0.000757 0.006711 0.999809
31.202000 30.911547 0.557959 0.260952 0.018307 0.000077 0.007056 0.999808
31.397000 31.040005 0.564793 0.268736 0.019561 0.000341 0.007387 0.999781
31.594000 31.236996 0.566675 0.269585 0.019917 0.000115 0.007456 0.999774
31.792000 31.423351 0.572994 0.273035 0.020600 -0.000053 0.007509 0.999760
31.998000 31.680998 0.574830 0.269456 0.020629 0.000178 0.007663 0.999758
32.193000 31.868217 0.577986 0.279279 0.019601 -0.000004 0.007802 0.999777
32.397000 32.103817 0.582040 0.277015 0.020127 0.000102 0.008109 0.999765
32.602000 32.281197 0.587435 0.275695 0.020622 0.000014 0.008630 0.999750
32.795000 32.478252 0.590379 0.268958 0.020821 -0.000080 0.009180 0.999741
32.998000 32.685173 0.594195 0.271772 0.020259 -0.000242 0.009382 0.999751
33.192000 32.887882 0.597290 0.275634 0.020618 -0.000413 0.009538 0.999742
33.403000 33.102497 0.601900 0.276192 0.020415 -0.000479 0.009651 0.999745
33.596000 33.365475 0.596048 0.259930 0.021675 -0.000101 0.009364 0.999721
33.801000 33.511047 0.600501 0.260693 0.022405 -0.000344 0.009431 0.999704
33.995000 33.671204 0.602592 0.265449 0.022071 -0.000392 0.009474 0.999711
34.197000 33.895142 0.606952 0.265348 0.021950 -0.000381 0.009443 0.999714
34.394000 34.107208 0.609032 0.263670 0.021092 -0.000400 0.009579 0.999732
34.592000 34.336548 0.615329 0.262451 0.021772 -0.000551 0.009753 0.999715
34.799000 34.598061 0.616162 0.281124 0.022626 -0.001222 0.009818 0.999695
34.995000 34.779011 0.619397 0.282245 0.023003 -0.001216 0.010007 0.999685
35.192000 34.958031 0.626698 0.282788 0.023736 -0.001160 0.010276 0.999665
35.399000 35.185410 0.625493 0.292452 0.021841 -0.001435 0.010873 0.999701
35.595000 35.363804 0.633040 0.296310 0.022262 -0.001535 0.011006 0.999690
35.801000 35.592388 0.634390 0.285861 0.022277 -0.001630 0.011251 0.999687
35.997000 35.762653 0.639977 0.277597 0.021753 -0.001426 0.011356 0.999698
36.195000 35.962925 0.643024 0.278773 0.021901 -0.001625 0.011701 0.999690
36.401000 36.156368 0.649682 0.282112 0.022075 -0.001521 0.012276 0.999680
36.603000 36.380207 0.653983 0.284650 0.022031 -0.001565 0.012437 0.999679
36.799000 36.569599 0.661232 0.285030 0.022258 -0.001535 0.012428 0.999674
36.996000 36.784142 0.663652 0.286630 0.021799 -0.001743 0.012399 0.999684
37.202000 36.960926 0.670259 0.290878 0.022040 -0.001724 0.012438 0.999678
37.398000 37.165741 0.671941 0.287656 0.022931 -0.001671 0.007099 0.999710
37.598000 37.369522 0.668521 0.288594 0.022641 -0.001589 -0.000580 0.999742
37.793000 37.574703 0.665995 0.292884 0.023007 -0.001559 -0.004721 0.999723
37.999000 37.794926 0.664018 0.290389 0.023422 -0.001460 -0.006813 0.999701
38.197000 37.970497 0.659475 0.293665 0.022660 -0.001491 -0.007599 0.999713
38.395000 38.172279 0.654876 0.293972 0.022061 -0.001565 -0.007807 0.999725
38.599000 38.358826 0.650686 0.296507 0.021643 -0.001709 -0.007876 0.999733
38.794000 38.574017 0.647837 0.295011 0.021686 -0.001797 -0.007861 0.999732
38.999000 38.770351 0.646330 0.292822 0.022461 -0.001540 -0.007894 0.999715
39.195000 39.037453 0.643310 0.295133 0.022380 -0.001648 -0.007544 0.999720
39.402000 39.210533 0.640552 0.291958 0.022547 -0.001838 -0.007038 0.999719
39.598000 39.406197 0.637793 0.296087 0.022486 -0.001888 -0.006904 0.999722
39.793000 39.599106 0.633772 0.297612 0.021722 -0.001772 -0.006948 0.999738
39.996000 39.809746 0.633188 0.296744 0.022859 -0.001609 -0.006864 0.999714
40.200000 40.022732 0.629833 0.300018 0.022742 -0.001464 -0.006980 0.999716
40.396000 40.247074 0.618996 0.324530 0.022808 -0.002233 -0.007209 0.999711
40.600000 40.428738 0.615491 0.317808 0.022154 -0.002335 -0.007246 0.999726
40.797000 40.610046 0.612762 0.317525 0.021614 -0.002199 -0.007234 0.999738
40.994000 40.809635 0.609467 0.314483 0.021211 -0.002266 -0.007234 0.999746
41.202000 41.027893 0.603521 0.329615 0.019817 -0.002660 -0.007260 0.999774
41.400000 41.251522 0.596972 0.298969 0.023073 -0.001663 -0.006530 0.999711
41.594000 41.423637 0.597519 0.295892 0.023547 -0.001924 -0.005737 0.999704
41.799000 41.612091 0.595731 0.299939 0.023453 -0.001889 -0.005118 0.999710
41.992000 41.814213 0.591186 0.303961 0.022732 -0.002048 -0.004924 0.999727
42.198000 42.019451 0.591997 0.308385 0.023424 -0.002176 -0.004736 0.999712
42.394000 42.236500 0.590338 0.303253 0.023600 -0.002080 -0.004823 0.999708
42.600000 42.459045 0.587525 0.303720 0.023694 -0.002327 -0.004839 0.999705
42.795000 42.626522 0.587459 0.300200 0.024046 -0.002362 -0.004898 0.999696
42.998000 42.821793 0.585485 0.302540 0.023802 -0.002456 -0.004942 0.999701
43.192000 43.026043 0.579485 0.305388 0.021880 -0.002570 -0.004911 0.999745
43.395000 43.235214 0.580811 0.305300 0.023476 -0.002509 -0.004912 0.999709
43.596000 43.442509 0.575350 0.308266 0.022341 -0.002541 -0.004941 0.999735
43.797000 43.688160 0.567045 0.284414 0.024879 -0.002059 -0.005144 0.999675
44.001000 43.873608 0.566469 0.288113 0.024328 -0.002172 -0.005133 0.999688
44.193000 44.079914 0.564900 0.286775 0.024520 -0.002226 -0.005127 0.999684
44.400000 44.271358 0.561945 0.291665 0.024389 -0.002250 -0.005164 0.999687
44.593000 44.470234 0.558878 0.286934 0.024288 -0.002383 -0.005157 0.999689
44.801000 44.684273 0.556986 0.290983 0.023992 -0.002004 -0.005144 0.999697
45.000000 44.931118 0.553987 0.310187 0.021644 -0.002439 -0.005085 0.999750
45.199000 45.096039 0.551736 0.311118 0.021002 -0.002548 -0.005145 0.999763
45.394000 45.294014 0.550496 0.308246 0.021496 -0.002529 -0.005144 0.999752
45.601000 45.507381 0.547759 0.309146 0.020604 -0.002511 -0.005115 0.999771
45.798000 45.712811 0.544990 0.306794 0.020969 -0.002471 -0.005111 0.999764
45.994000 45.897411 0.543360 0.311396 0.020794 -0.002512 -0.005181 0.999767
46.200000 46.120419 0.541955 0.296438 0.022693 -0.002220 -0.005125 0.999727
46.400000 46.300743 0.541212 0.298421 0.022935 -0.002427 -0.005198 0.999721
46.598000 46.503960 0.539219 0.301928 0.023295 -0.002537 -0.005190 0.999712
46.797000 46.697033 0.536029 0.303931 0.022411 -0.002633 -0.005207 0.999732
46.993000 46.895416 0.534357 0.308570 0.022755 -0.002741 -0.005171 0.999724
47.200000 47.088356 0.532698 0.305237 0.023268 -0.002694 -0.005202 0.999712
47.395000 47.290634 0.531296 0.305745 0.023398 -0.002922 -0.005196 0.999708
47.599000 47.486420 0.530960 0.308407 0.023711 -0.003149 -0.005219 0.999700
47.794000 47.685040 0.528856 0.309015 0.023981 -0.003158 -0.005230 0.999694
47.997000 47.887852 0.526338 0.313126 0.023927 -0.003287 -0.005370 0.999694
48.200000 48.088417 0.525407 0.314760 0.024610 -0.003388 -0.005401 0.999677
48.400000 48.273788 0.522640 0.315363 0.024723 -0.003467 -0.005473 0.999673
48.596000 48.522842 0.515113 0.303730 0.024879 -0.003300 -0.005523 0.999670
48.796000 48.678337 0.513938 0.307432 0.024675 -0.003774 -0.005491 0.999673
49.002000 48.866104 0.510947 0.308495 0.024592 -0.003832 -0.005164 0.999677
49.198000 49.087318 0.511798 0.308794 0.025819 -0.003820 -0.005029 0.999647
49.398000 49.283981 0.507777 0.306727 0.024925 -0.004085 -0.004673 0.999670
49.598000 49.472256 0.504763 0.308656 0.024999 -0.004303 -0.004685 0.999667
49.795000 49.700008 0.505489 0.350208 0.019713 -0.005302 -0.004727 0.999780
49.996000 49.860657 0.503569 0.353746 0.019329 -0.005671 -0.004726 0.999786
50.192000 50.070000 0.504797 0.354742 0.020550 -0.005562 -0.004774 0.999762
50.399000 50.259312 0.503764 0.357454 0.020934 -0.005629 -0.004834 0.999753
50.595000 50.485157 0.500104 0.362633 0.020306 -0.005517 -0.004865 0.999767
50.793000 50.668461 0.500780 0.360761 0.021221 -0.005715 -0.004845 0.999747
51.002000 50.870827 0.498526 0.340733 0.024154 -0.005294 -0.004919 0.999682
51.195000 51.038841 0.496154 0.347821 0.023525 -0.005470 -0.004952 0.999696
51.403000 51.232258 0.496475 0.352904 0.024350 -0.005649 -0.004910 0.999675
51.599000 51.439220 0.497385 0.356920 0.025678 -0.005660 -0.004903 0.999642
51.796000 51.630272 0.494695 0.360822 0.025565 -0.005761 -0.004889 0.999645
51.993000 51.836414 0.492516 0.363304 0.025830 -0.005700 -0.004991 0.999638
52.200000 52.044392 0.492775 0.359936 0.026133 -0.005803 -0.004978 0.999629
52.402000 52.241489 0.486800 0.366360 0.025107 -0.006028 -0.005152 0.999653
52.599000 52.425400 0.486993 0.364081 0.026441 -0.006106 -0.005404 0.999617
52.795000 52.640202 0.481977 0.371313 0.025610 -0.005920 -0.005375 0.999640
53.000000 52.841129 0.480429 0.370280 0.025760 -0.006176 -0.005417 0.999634
53.200000 53.037910 0.477976 0.375495 0.026001 -0.006279 -0.005434 0.999627
53.398000 53.211254 0.476041 0.379650 0.026221 -0.006557 -0.005449 0.999620
53.596000 53.399620 0.471337 0.386124 0.025372 -0.006783 -0.005478 0.999640
53.791000 53.567856 0.467647 0.392970 0.024832 -0.007023 -0.005468 0.999652
53.995000 53.797226 0.467609 0.393419 0.026162 -0.006891 -0.005473 0.999619
54.196000 53.981640 0.463731 0.400074 0.025769 -0.007042 -0.005473 0.999628
54.400000 54.273651 0.462128 0.383698 0.028911 -0.006510 -0.005551 0.999545
54.594000 54.444675 0.458932 0.392445 0.027330 -0.006720 -0.005325 0.999590
54.800000 54.624615 0.457169 0.391280 0.027612 -0.006924 -0.005089 0.999582
54.997000 54.854660 0.460258 0.385225 0.029542 -0.006573 -0.004923 0.999530
55.195000 55.039703 0.454915 0.395906 0.028941 -0.006620 -0.004768 0.999548
55.400000 55.263359 0.456040 0.394745 0.030108 -0.006500 -0.004680 0.999515
55.597000 55.449806 0.450267 0.394705 0.030808 -0.006578 -0.004895 0.999492
55.793000 55.641365 0.444875 0.401086 0.028551 -0.006749 -0.005335 0.999555
55.997000 55.830429 0.439964 0.404448 0.028319 -0.006865 -0.005468 0.999560
56.194000 56.041489 0.440454 0.400502 0.029122 -0.006748 -0.005534 0.999538
56.399000 56.224834 0.435794 0.410631 0.028685 -0.007061 -0.005593 0.999548
56.598000 56.423187 0.435401 0.414943 0.029617 -0.006991 -0.005571 0.999521
56.793000 56.636517 0.430087 0.414040 0.027891 -0.006946 -0.005568 0.999571
56.998000 56.841446 0.428298 0.414480 0.026885 -0.007076 -0.005541 0.999598
57.196000 57.038399 0.424186 0.420988 0.026557 -0.007069 -0.005604 0.999607
57.394000 57.247074 0.423086 0.414006 0.027084 -0.006958 -0.005585 0.999593
57.599000 57.442600 0.418088 0.424641 0.026228 -0.007202 -0.005599 0.999614
57.792000 57.647144 0.420060 0.420878 0.027959 -0.006901 -0.005544 0.999570
57.997000 57.832657 0.418833 0.425847 0.027277 -0.007414 -0.005719 0.999584
58.195000 58.034298 0.417161 0.422917 0.027729 -0.007522 -0.005709 0.999571
58.396000 58.233101 0.414603 0.434726 0.028083 -0.007453 -0.005639 0.999562
58.592000 58.435139 0.411421 0.439072 0.028135 -0.007614 -0.005469 0.999560
58.799000 58.639740 0.409621 0.444447 0.028166 -0.007602 -0.005122 0.999561
58.996000 58.521214 0.401810 0.393269 0.034015 -0.006607 -0.005219 0.999386
59.192000 58.814449 0.399735 0.397648 0.033994 -0.006322 -0.004883 0.999390
59.402000 59.012417 0.398635 0.399875 0.034673 -0.006370 -0.004707 0.999367
59.597000 59.234619 0.398946 0.403522 0.035735 -0.006230 -0.004488 0.999332
59.792000 59.409092 0.395768 0.399756 0.035606 -0.006432 -0.004071 0.999337
59.996000 59.714745 0.392569 0.402090 0.035939 -0.006325 -0.003671 0.999327
60.193000 59.863903 0.390354 0.405717 0.034427 -0.006342 -0.003379 0.999381
60.397000 60.106464 0.390149 0.406544 0.034736 -0.006241 -0.003134 0.999372
60.600000 60.291302 0.388399 0.410174 0.034626 -0.006216 -0.002674 0.999377
60.800000 60.528397 0.388651 0.416579 0.035287 -0.006117 -0.002320 0.999356
60.996000 60.704834 0.387537 0.417045 0.035212 -0.006123 -0.001970 0.999359
61.192000 60.962639 0.383334 0.377220 0.038667 -0.004885 -0.001486 0.999239
61.399000 61.126484 0.381722 0.387532 0.037705 -0.005096 -0.001192 0.999275
61.594000 61.354477 0.383442 0.384883 0.038475 -0.004980 -0.001036 0.999247
61.798000 61.515686 0.381299 0.393427 0.037972 -0.005306 -0.000746 0.999264
61.992000 61.746784 0.382185 0.389426 0.038202 -0.005129 -0.000173 0.999257
62.197000 61.920273 0.380255 0.396127 0.037889 -0.005290 -0.000005 0.999268
62.401000 62.175663 0.379375 0.388123 0.037126 -0.004699 0.000413 0.999299
62.599000 62.328117 0.378165 0.394885 0.036616 -0.005180 0.001024 0.999315
62.797000 62.542255 0.380258 0.396144 0.037669 -0.005214 0.001755 0.999275
62.996000 62.725235 0.381528 0.404016 0.037837 -0.005370 0.001848 0.999268
63.195000 62.945820 0.381824 0.404562 0.037793 -0.005471 0.002383 0.999268
63.398000 63.135094 0.383334 0.411008 0.037980 -0.005493 0.002639 0.999260
63.595000 63.081654 0.377457 0.371869 0.039869 -0.004807 0.002747 0.999190
63.802000 63.358124 0.380776 0.380546 0.040376 -0.004794 0.002861 0.999169
64.000000 63.583702 0.383018 0.383338 0.041126 -0.004893 0.003086 0.999137
64.192000 63.761993 0.385582 0.384464 0.041582 -0.005072 0.003872 0.999115
64.397000 64.002495 0.385040 0.385548 0.040288 -0.004965 0.004285 0.999167
64.599000 64.273048 0.390600 0.383012 0.037897 -0.004377 0.004721 0.999261
64.793000 64.462486 0.392083 0.378926 0.038178 -0.004347 0.004841 0.999250
64.996000 64.624191 0.392642 0.381997 0.037571 -0.004476 0.004986 0.999272
65.193000 64.846771 0.393635 0.383745 0.037321 -0.004494 0.005242 0.999279
65.397000 65.031334 0.397975 0.391421 0.038161 -0.004586 0.005334 0.999247
65.600000 65.268272 0.398411 0.390328 0.038038 -0.004575 0.005526 0.999251
65.798000 65.467987 0.408944 0.369358 0.036691 -0.004041 0.005936 0.999301
65.995000 65.670189 0.410962 0.374235 0.037015 -0.004124 0.005854 0.999289
66.193000 65.837936 0.413170 0.377311 0.036851 -0.004319 0.006137 0.999293
66.398000 66.062134 0.415274 0.377707 0.037240 -0.004310 0.006345 0.999277
66.592000 66.234543 0.418687 0.382923 0.037476 -0.004474 0.006396 0.999267
66.797000 66.472786 0.421908 0.379312 0.038082 -0.004428 0.006781 0.999242
67.002000 66.656845 0.425048 0.382574 0.037728 -0.004429 0.007235 0.999252
67.198000 66.871132 0.428423 0.382213 0.038295 -0.004451 0.007361 0.999229
67.394000 67.038254 0.432654 0.386209 0.038530 -0.004588 0.007460 0.999219
67.600000 67.255478 0.436420 0.384533 0.039253 -0.004580 0.007650 0.999190
67.796000 67.432419 0.440603 0.391697 0.039246 -0.004782 0.007989 0.999186
67.993000 67.665100 0.440064 0.386290 0.037468 -0.004648 0.008315 0.999252
68.198000 67.851944 0.443051 0.390519 0.037247 -0.004811 0.008640 0.999257
68.394000 68.063789 0.446189 0.391004 0.037592 -0.004816 0.008794 0.999243
68.596000 68.250168 0.450592 0.395394 0.037820 -0.004877 0.009015 0.999232
68.803000 68.484505 0.455249 0.399247 0.038779 -0.004825 0.009250 0.999193
68.998000 68.656326 0.461626 0.400774 0.039187 -0.004944 0.009437 0.999175
69.196000 68.969673 0.468952 0.359679 0.031645 -0.003677 0.009856 0.999444
69.401000 69.135735 0.470847 0.365049 0.031346 -0.003762 0.010371 0.999448
69.596000 69.314598 0.475591 0.362312 0.031823 -0.003898 0.010530 0.999430
69.795000 69.497292 0.480327 0.370505 0.031570 -0.003930 0.010596 0.999438
69.996000 69.714264 0.484692 0.363362 0.031930 -0.003846 0.010918 0.999423
70.201000 69.910408 0.488474 0.365870 0.031600 -0.003978 0.011145 0.999431
70.399000 70.115356 0.492794 0.348128 0.028830 -0.003506 0.011675 0.999510
70.592000 70.322578 0.497762 0.356449 0.028683 -0.003605 0.011809 0.999512
70.792000 70.493546 0.501467 0.358455 0.028441 -0.003730 0.012103 0.999515
70.996000 70.707542 0.509231 0.363155 0.029264 -0.003701 0.012148 0.999491
71.202000 70.900887 0.513735 0.367183 0.029481 -0.003880 0.012485 0.999480
71.401000 71.104538 0.518652 0.366382 0.029007 -0.003925 0.013093 0.999486
71.600000 71.306259 0.520530 0.365364 0.027639 -0.003963 0.013179 0.999523
71.795000 71.556328 0.526491 0.360218 0.028146 -0.003627 0.013437 0.999507
71.999000 71.752289 0.530945 0.356058 0.027931 -0.003737 0.013981 0.999505
72.194000 71.975533 0.538607 0.355375 0.028949 -0.003573 0.014376 0.999471
72.402000 72.158501 0.546102 0.359991 0.029484 -0.003807 0.014479 0.999453
72.597000 72.376656 0.554187 0.365298 0.030446 -0.003847 0.014616 0.999422
72.793000 72.543587 0.557464 0.371535 0.029579 -0.003956 0.015043 0.999441
72.999000 72.760796 0.564862 0.369978 0.029747 -0.003967 0.015358 0.999432
73.195000 72.944283 0.569251 0.370405 0.029102 -0.004019 0.015631 0.999446
73.402000 73.179787 0.574467 0.371474 0.028506 -0.003876 0.016037 0.999457
73.597000 73.361374 0.579456 0.375040 0.028537 -0.004046 0.016563 0.999447
73.794000 73.654419 0.596345 0.337496 0.023250 -0.003119 0.017005 0.999580
73.999000 73.806091 0.603404 0.345965 0.022694 -0.003044 0.017495 0.999585
74.194000 74.010574 0.607705 0.350846 0.022166 -0.002930 0.017838 0.999591
74.399000 74.188171 0.615713 0.349502 0.021845 -0.002934 0.017991 0.999595
74.594000 74.415665 0.621908 0.350437 0.022028 -0.002719 0.018342 0.999585
74.790000 74.574715 0.629309 0.346819 0.021390 -0.003080 0.019001 0.999586
74.998000 74.891388 0.627533 0.355232 0.021488 -0.003173 0.018949 0.999584
75.194000 75.066353 0.638567 0.357094 0.023484 -0.003246 0.019201 0.999535
75.390000 75.257530 0.645095 0.365363 0.023110 -0.002994 0.019119 0.999546
75.593000 75.456726 0.654932 0.365450 0.024306 -0.003167 0.019218 0.999515
75.797000 75.669968 0.663498 0.365857 0.024653 -0.003122 0.019258 0.999506
75.995000 75.895882 0.673142 0.320866 0.014025 -0.001914 0.019339 0.999713
76.203000 76.087791 0.679977 0.327975 0.013661 -0.002260 0.019208 0.999720
76.400000 76.280289 0.687242 0.331123 0.013399 -0.002417 0.019212 0.999723
76.596000 76.459389 0.695481 0.336865 0.013903 -0.002456 0.019165 0.999717
76.794000 76.646591 0.705470 0.340227 0.015319 -0.002587 0.019162 0.999696
77.000000 76.866936 0.713904 0.341966 0.015292 -0.002440 0.019178 0.999696
77.196000 77.089333 0.721048 0.336913 0.015479 -0.002218 0.019195 0.999693
77.402000 77.262535 0.727681 0.344112 0.014636 -0.002339 0.019205 0.999706
77.598000 77.454796 0.734536 0.342712 0.014286 -0.002567 0.019203 0.999710
77.792000 77.651779 0.743800 0.342069 0.015174 -0.002695 0.019166 0.999698
77.997000 77.837791 0.752640 0.340613 0.015503 -0.002942 0.019228 0.999691
78.194000 78.048233 0.758757 0.343937 0.014716 -0.002788 0.019202 0.999703
78.399000 77.991341 0.748062 0.309917 0.008498 -0.001951 0.018815 0.999785
78.595000 78.253372 0.758096 0.316994 0.007588 -0.001942 0.018712 0.999794
78.801000 78.469299 0.767224 0.319344 0.007936 -0.001961 0.018682 0.999792
78.996000 78.652893 0.773440 0.320188 0.007774 -0.001996 0.018675 0.999793
79.201000 78.884003 0.782193 0.318407 0.007992 -0.002045 0.018660 0.999792
79.401000 79.148872 0.792691 0.336349 0.011253 -0.002370 0.018701 0.999759
79.596000 79.310059 0.798891 0.341417 0.011114 -0.002599 0.018711 0.999760
79.800000 79.518600 0.805353 0.343564 0.010706 -0.002590 0.018736 0.999764
79.998000 79.719048 0.814447 0.343164 0.011494 -0.002739 0.018733 0.999755
80.194000 79.927895 0.822507 0.345552 0.011770 -0.002809 0.018719 0.999752
80.400000 80.156517 0.830957 0.302863 -0.000376 -0.001506 0.018763 0.999823
80.601000 80.345940 0.839909 0.313017 0.000889 -0.001982 0.018740 0.999822
80.800000 80.541817 0.847461 0.313581 0.000766 -0.001931 0.018735 0.999822
80.997000 80.744385 0.856104 0.316160 0.001496 -0.002002 0.018776 0.999821
81.193000 80.933540 0.863095 0.311655 0.001374 -0.001818 0.018738 0.999822
81.400000 81.161224 0.870931 0.313047 0.001074 -0.001824 0.018780 0.999821
81.597000 81.342972 0.876588 0.316895 0.000338 -0.002012 0.018792 0.999821
81.802000 81.563286 0.885650 0.317604 0.001296 -0.001867 0.018815 0.999820
82.000000 81.750450 0.892747 0.318092 0.000858 -0.001821 0.018769 0.999822
82.198000 81.949196 0.894397 0.315750 0.001196 -0.001836 0.009996 0.999948
82.395000 82.152031 0.892704 0.311854 0.000423 -0.001648 0.004874 0.999987
82.592000 82.371040 0.890908 0.311441 0.000123 -0.001783 0.000884 0.999998
82.797000 82.570534 0.891675 0.314183 0.000577 -0.001927 -0.000798 0.999998
83.003000 82.768639 0.891139 0.316398 0.000769 -0.001964 -0.001039 0.999997
83.200000 82.965263 0.890929 0.313913 0.000960 -0.001856 -0.001195 0.999997
83.395000 83.154762 0.891190 0.316081 0.001246 -0.001910 -0.000245 0.999997
83.601000 83.357277 0.891090 0.318313 0.000961 -0.002136 0.000330 0.999997
83.799000 83.268181 0.889518 0.294136 -0.005180 -0.001491 0.000873 0.999985
83.996000 83.557243 0.893820 0.293847 -0.004855 -0.001185 0.001026 0.999987
84.200000 83.772697 0.894576 0.293426 -0.005143 -0.001216 0.001318 0.999985
84.394000 83.977051 0.894847 0.291174 -0.004795 -0.001262 0.001464 0.999987
84.599000 84.174797 0.896403 0.290943 -0.004431 -0.001428 0.001845 0.999987
84.797000 84.467865 0.900061 0.306196 -0.001722 -0.001901 0.002256 0.999994
84.995000 84.640717 0.899695 0.309296 -0.001870 -0.001922 0.002430 0.999993
85.194000 84.829933 0.900373 0.308265 -0.002028 -0.001918 0.002892 0.999992
85.398000 85.024101 0.891511 0.306712 -0.001515 -0.001731 -0.012603 0.999918
85.599000 85.220085 0.878960 0.309008 -0.001014 -0.001708 -0.023863 0.999713
85.797000 85.413795 0.866562 0.304954 -0.000437 -0.001609 -0.028892 0.999581
85.993000 85.637306 0.866081 0.310359 -0.001071 -0.001730 -0.032111 0.999482
86.199000 85.833679 0.847492 0.312526 -0.002230 -0.001871 -0.033270 0.999442
86.394000 86.020355 0.835102 0.312499 -0.001868 -0.001828 -0.033601 0.999432
86.600000 86.231567 0.820188 0.313402 -0.002191 -0.001816 -0.033816 0.999424
86.797000 86.444717 0.809898 0.312973 -0.000958 -0.001784 -0.033742 0.999429
86.994000 86.679832 0.793867 0.310424 -0.001545 -0.001736 -0.033723 0.999429
87.203000 86.848907 0.779572 0.316384 -0.002214 -0.001868 -0.033534 0.999433
87.399000 87.046310 0.764107 0.316030 -0.003136 -0.001942 -0.033194 0.999442
87.592000 87.244743 0.750561 0.320393 -0.003342 -0.002019 -0.033015 0.999447
87.800000 87.455719 0.735793 0.323461 -0.003777 -0.002079 -0.032942 0.999448
87.997000 87.657082 0.724128 0.321467 -0.003181 -0.001949 -0.032908 0.999451
88.194000 87.845619 0.711017 0.323663 -0.003290 -0.002046 -0.032964 0.999449
88.401000 88.060509 0.699205 0.323319 -0.002861 -0.002207 -0.032977 0.999450
88.595000 88.270477 0.685897 0.325417 -0.002756 -0.002265 -0.033029 0.999448
88.799000 88.465607 0.672711 0.328045 -0.002496 -0.002201 -0.033036 0.999449
88.996000 88.657280 0.661440 0.327439 -0.001955 -0.002285 -0.033028 0.999450
89.194000 88.948799 0.654343 0.291379 0.005765 -0.001048 -0.032809 0.999444
89.400000 89.117348 0.637723 0.292802 0.004412 -0.001159 -0.032914 0.999448
89.593000 89.294571 0.625135 0.293158 0.004625 -0.001025 -0.032922 0.999447
89.798000 89.505234 0.612375 0.293774 0.004834 -0.001135 -0.032914 0.999446
89.998000 89.695320 0.600684 0.296563 0.005456 -0.001054 -0.032929 0.999442
90.192000 89.896263 0.590438 0.298014 0.006424 -0.001222 -0.032854 0.999439
90.396000 90.130760 0.579799 0.304337 0.005017 -0.001297 -0.032780 0.999449
90.594000 90.319618 0.563631 0.305286 0.004141 -0.001303 -0.032812 0.999452
90.798000 90.505455 0.549981 0.307143 0.003941 -0.001235 -0.032855 0.999452
90.994000 90.715286 0.536305 0.306503 0.003944 -0.001305 -0.032883 0.999451
91.200000 90.889633 0.524097 0.306662 0.004488 -0.001335 -0.032883 0.999448
91.396000 91.114426 0.512420 0.306340 0.004860 -0.001390 -0.032856 0.999447
91.600000 91.328217 0.497709 0.304831 0.004325 -0.001319 -0.032907 0.999448
91.795000 91.525978 0.483759 0.304784 0.003800 -0.001412 -0.032888 0.999451
91.994000 91.723190 0.470790 0.304876 0.003510 -0.001465 -0.032999 0.999448
92.199000 91.940392 0.456573 0.307188 0.003581 -0.001552 -0.032952 0.999449
92.396000 92.132645 0.444820 0.305762 0.004197 -0.001592 -0.033103 0.999442
92.601000 92.347672 0.431484 0.306378 0.004496 -0.001549 -0.033165 0.999439
92.799000 92.531906 0.417762 0.309342 0.003853 -0.001475 -0.033146 0.999442
92.995000 92.738197 0.404551 0.313981 0.004206 -0.001478 -0.033154 0.999440
93.203000 92.929192 0.390903 0.314655 0.004241 -0.001435 -0.033180 0.999439
93.401000 93.145378 0.378074 0.313230 0.004173 -0.001469 -0.033188 0.999439
93.593000 93.328949 0.365259 0.316417 0.004365 -0.001379 -0.033290 0.999435
93.804000 93.652725 0.347357 0.279176 0.015133 -0.000283 -0.033349 0.999329
93.997000 93.786530 0.333898 0.280366 0.014406 -0.000575 -0.033538 0.999333
94.196000 93.959358 0.321893 0.278964 0.015303 -0.000539 -0.033606 0.999318
94.392000 94.158829 0.308066 0.276224 0.014788 -0.000523 -0.033584 0.999326
94.599000 94.366249 0.294710 0.277346 0.015217 -0.000555 -0.033596 0.999319
94.796000 94.560165 0.280106 0.272895 0.014861 -0.000479 -0.033663 0.999323
94.999000 94.836433 0.265022 0.282718 0.012983 -0.000663 -0.032328 0.999393
95.194000 95.000534 0.253587 0.283185 0.013203 -0.000774 -0.032226 0.999393
95.401000 95.188354 0.240927 0.286377 0.013194 -0.000842 -0.031680 0.999411
95.598000 95.395149 0.228197 0.286595 0.013263 -0.000766 -0.031328 0.999421
95.797000 95.589546 0.217194 0.281901 0.013978 -0.000774 -0.031003 0.999421
95.993000 95.824165 0.204293 0.287263 0.013971 -0.000926 -0.030782 0.999428
96.198000 96.007301 0.199799 0.286568 0.015086 -0.000939 -0.024501 0.999586
96.395000 96.209099 0.191406 0.289700 0.014168 -0.000938 -0.022196 0.999653
96.596000 96.405083 0.182673 0.286816 0.014159 -0.000916 -0.021299 0.999672
96.801000 96.608879 0.172024 0.294651 0.013608 -0.001036 -0.020900 0.999688
97.001000 96.790131 0.167075 0.289977 0.014298 -0.001056 -0.020733 0.999682
97.196000 96.997383 0.158156 0.287699 0.014885 -0.001041 -0.020647 0.999675
97.393000 97.186684 0.151173 0.285085 0.014901 -0.000984 -0.020598 0.999676
97.598000 97.396423 0.141099 0.286083 0.014473 -0.001089 -0.020616 0.999682
97.791000 97.564842 0.131553 0.287061 0.013745 -0.001267 -0.020629 0.999692
97.997000 97.779327 0.121619 0.287247 0.013179 -0.001328 -0.020602 0.999700
98.193000 97.967918 0.115740 0.287872 0.013999 -0.001295 -0.020600 0.999689
98.399000 98.188728 0.106736 0.289158 0.014051 -0.001351 -0.020578 0.999689
98.597000 98.367485 0.099588 0.289511 0.014074 -0.001338 -0.020606 0.999688
98.794000 98.567947 0.090720 0.287768 0.014118 -0.001404 -0.020604 0.999687
99.006000 98.780602 0.080967 0.294049 0.013646 -0.001373 -0.020635 0.999693
99.191000 98.979744 0.073522 0.296948 0.013978 -0.001580 -0.020630 0.999688
99.398000 99.186081 0.068028 0.294639 0.014767 -0.001366 -0.020613 0.999678
99.593000 99.465881 0.063633 0.318445 0.008979 -0.001981 -0.020453 0.999749
99.797000 99.607841 0.053406 0.323233 0.008141 -0.002087 -0.020558 0.999753
99.991000 99.799057 0.044966 0.328758 0.007492 -0.002178 -0.019573 0.999778
100.197000 100.013809 0.036917 0.327749 0.007547 -0.002145 -0.018776 0.999793
100.396000 100.209106 0.032330 0.331793 0.008490 -0.002178 -0.015744 0.999838
100.601000 100.404648 0.028005 0.329632 0.008915 -0.002370 -0.014037 0.999859
100.797000 100.629242 0.028212 0.311864 0.014675 -0.001780 -0.011150 0.999829
101.001000 100.784035 0.022970 0.314604 0.013585 -0.002209 -0.008613 0.999868
101.196000 100.997528 0.018778 0.309533 0.012934 -0.002062 -0.006708 0.999892
101.402000 101.192093 0.018459 0.311951 0.012776 -0.002197 -0.004577 0.999905
101.601000 101.396767 0.016890 0.318570 0.012166 -0.002562 -0.001242 0.999922
101.797000 101.608376 0.020108 0.314955 0.012948 -0.002479 0.000946 0.999913
101.997000 101.806366 0.023298 0.318931 0.013098 -0.002493 0.002298 0.999908
102.204000 102.008728 0.021883 0.319820 0.011606 -0.002605 0.004660 0.999918
102.400000 102.199432 0.025393 0.319964 0.011829 -0.002628 0.006514 0.999905
102.598000 102.416435 0.029212 0.319886 0.012262 -0.002674 0.007796 0.999891
102.794000 102.594299 0.034879 0.324744 0.012807 -0.002678 0.009405 0.999870
103.002000 102.837379 0.041732 0.324550 0.013164 -0.002427 0.011444 0.999845
103.200000 103.000702 0.045659 0.328439 0.012779 -0.002558 0.012185 0.999841
103.397000 103.211349 0.050921 0.330235 0.012612 -0.002504 0.014611 0.999811
103.594000 103.394417 0.058837 0.331208 0.012078 -0.002554 0.017401 0.999772
103.799000 103.610878 0.068865 0.330519 0.012279 -0.002567 0.019809 0.999725
103.997000 103.802223 0.078788 0.331712 0.012779 -0.002557 0.021940 0.999674
104.193000 104.067635 0.087309 0.308450 0.016163 -0.002183 0.023648 0.999587
104.395000 104.228416 0.100365 0.308749 0.016569 -0.002445 0.026064 0.999520
104.590000 104.426704 0.110930 0.311037 0.015903 -0.002344 0.028807 0.999456
104.794000 104.637718 0.125200 0.311614 0.016125 -0.002342 0.031789 0.999362
105.004000 104.829124 0.137061 0.316264 0.015174 -0.002427 0.034537 0.999285
105.200000 105.045685 0.154826 0.317638 0.014666 -0.002362 0.037906 0.999171
105.393000 105.229935 0.162000 0.289613 0.016083 -0.001896 0.040036 0.999067
105.597000 105.438293 0.182625 0.291342 0.015884 -0.002103 0.042512 0.998967
105.791000 105.615921 0.199767 0.293130 0.015694 -0.002136 0.044032 0.998905
105.996000 105.825035 0.217951 0.298885 0.015079 -0.002256 0.047497 0.998755
106.202000 106.019165 0.238943 0.295789 0.015429 -0.002287 0.047625 0.998744
106.396000 106.241356 0.256068 0.301682 0.014986 -0.002225 0.047458 0.998758
106.597000 106.421707 0.278825 0.299813 0.015673 -0.002603 0.048810 0.998682
106.792000 106.634773 0.296788 0.302103 0.014816 -0.002544 0.050900 0.998591
106.999000 106.829247 0.321999 0.302568 0.015642 -0.002716 0.052826 0.998478
107.194000 107.044838 0.340359 0.308015 0.014315 -0.002710 0.055601 0.998347
107.400000 107.260590 0.366618 0.303673 0.015309 -0.002732 0.057515 0.998223
107.596000 107.433578 0.389255 0.305018 0.014721 -0.002759 0.059077 0.998141
107.803000 107.630852 0.417606 0.304912 0.015054 -0.002866 0.062049 0.997955
108.000000 107.834808 0.440735 0.307256 0.014360 -0.002891 0.062730 0.997923
108.194000 108.025108 0.465826 0.309777 0.014274 -0.002988 0.065506 0.997746
108.398000 108.234306 0.495667 0.312578 0.014195 -0.003068 0.067978 0.997581
108.601000 108.507858 0.523333 0.297201 0.011319 -0.002349 0.061898 0.998016
108.796000 108.674072 0.544211 0.301233 0.011266 -0.002378 0.058444 0.998224
109.001000 108.879463 0.565788 0.298634 0.010998 -0.002331 0.055959 0.998370
109.195000 109.067886 0.585382 0.301336 0.010186 -0.002262 0.055933 0.998380
109.400000 109.281509 0.608940 0.303795 0.010056 -0.002272 0.056284 0.998362
109.597000 109.501839 0.629442 0.302400 0.009358 -0.002107 0.056157 0.998376
109.803000 109.742416 0.647282 0.320353 0.013743 -0.002678 0.056104 0.998327
110.001000 109.884361 0.671480 0.321210 0.014686 -0.002867 0.056452 0.998293
110.193000 110.074844 0.692901 0.328817 0.014383 -0.002877 0.056975 0.998268
110.399000 110.278427 0.713234 0.327749 0.014407 -0.002832 0.051816 0.998549
110.595000 110.472626 0.732094 0.330867 0.014029 -0.002881 0.050476 0.998623
110.794000 110.680466 0.751940 0.332693 0.015347 -0.002736 0.048682 0.998693
110.999000 110.883232 0.771228 0.332151 0.015426 -0.002740 0.048533 0.998699
111.194000 111.065338 0.790915 0.335975 0.015860 -0.002830 0.048546 0.998691
111.399000 111.263565 0.812327 0.336876 0.016167 -0.002888 0.049370 0.998646
111.593000 111.470497 0.826878 0.341130 0.015642 -0.002762 0.044723 0.998873
111.798000 111.662170 0.842301 0.343474 0.015705 -0.002775 0.040110 0.999068
111.993000 111.891388 0.842265 0.339743 0.015310 -0.002226 0.020955 0.999661
112.196000 112.083267 0.841372 0.342266 0.015522 -0.002126 0.006650 0.999855
112.400000 112.270561 0.834927 0.345231 0.014921 -0.002102 -0.005797 0.999870
112.592000 112.454323 0.826595 0.342632 0.015804 -0.001915 -0.014615 0.999766
112.800000 112.680283 0.816422 0.349801 0.015548 -0.001862 -0.018487 0.999706
112.995000 112.866745 0.806034 0.344859 0.015260 -0.001788 -0.021943 0.999641
113.192000 113.084976 0.792797 0.343650 0.013517 -0.001710 -0.022746 0.999648
113.399000 113.253906 0.784742 0.346504 0.013913 -0.001973 -0.023149 0.999633
113.598000 113.482574 0.776779 0.345732 0.014932 -0.001844 -0.023041 0.999621
113.793000 113.644768 0.767923 0.345799 0.014615 -0.001936 -0.023095 0.999625
114.002000 113.889801 0.757304 0.347321 0.014255 -0.001816 -0.022974 0.999633
114.197000 114.059296 0.749671 0.350720 0.014450 -0.001923 -0.023131 0.999626
114.392000 114.288910 0.741562 0.344910 0.015244 -0.001809 -0.023105 0.999615
114.599000 114.443367 0.732684 0.349317 0.014849 -0.002153 -0.023194 0.999618
114.793000 114.640556 0.727118 0.355632 0.015683 -0.002164 -0.020648 0.999661
115.002000 114.816406 0.722867 0.355352 0.016724 -0.002404 -0.018628 0.999684
115.197000 115.020988 0.717687 0.357690 0.016120 -0.002485 -0.015894 0.999741
115.399000 115.219536 0.715339 0.361511 0.017418 -0.002590 -0.014044 0.999746
115.595000 115.423050 0.712277 0.356878 0.017431 -0.002636 -0.010930 0.999785
115.804000 115.622833 0.708332 0.360682 0.017231 -0.002593 -0.009076 0.999807
116.002000 115.828835 0.706259 0.364053 0.017489 -0.002657 -0.006761 0.999821
116.202000 116.022507 0.706408 0.365197 0.017850 -0.002830 -0.004070 0.999828
116.392000 116.220161 0.704008 0.367092 0.017360 -0.002904 -0.002460 0.999842
116.601000 116.439552 0.706656 0.367067 0.018574 -0.002887 -0.000007 0.999823
116.797000 116.610588 0.706102 0.372155 0.017488 -0.002969 0.002259 0.999840
116.995000 116.818504 0.708368 0.372161 0.017509 -0.002996 0.004525 0.999832
117.198000 117.012505 0.711806 0.378031 0.017588 -0.003096 0.007436 0.999813
117.394000 117.222267 0.717163 0.374716 0.017570 -0.003135 0.010042 0.999790
117.599000 117.410301 0.723819 0.377652 0.018158 -0.003259 0.013138 0.999744
117.795000 117.635124 0.730536 0.375452 0.017943 -0.003208 0.016346 0.999700
117.998000 117.804001 0.738844 0.380796 0.017659 -0.003236 0.018178 0.999674
118.191000 118.011711 0.747851 0.381746 0.017831 -0.003280 0.020252 0.999631
118.394000 118.185310 0.758546 0.387363 0.017808 -0.003500 0.024137 0.999544
118.599000 118.411308 0.769901 0.386152 0.017891 -0.003532 0.025916 0.999498
118.798000 118.588303 0.784940 0.390446 0.019019 -0.003637 0.028502 0.999406
118.994000 118.873215 0.790920 0.324374 0.010524 -0.002058 0.032027 0.999429
119.201000 119.072815 0.804727 0.330167 0.009197 -0.002552 0.035256 0.999333
119.395000 119.218613 0.818587 0.333350 0.009165 -0.002688 0.036735 0.999279
119.602000 119.410347 0.836440 0.342073 0.010150 -0.003055 0.038935 0.999186
119.799000 119.603073 0.854003 0.342593 0.009625 -0.003355 0.042770 0.999033
119.995000 119.820869 0.874651 0.339280 0.010396 -0.002850 0.044608 0.998946
120.202000 120.028435 0.884201 0.327985 0.007460 -0.002497 0.046388 0.998893
120.397000 120.229843 0.908319 0.331949 0.007975 -0.002567 0.049085 0.998759
120.599000 120.424088 0.929921 0.333085 0.008097 -0.002599 0.051696 0.998627
120.794000 120.618698 0.952154 0.334901 0.008584 -0.002773 0.054070 0.998496
120.999000 120.821396 0.976254 0.338235 0.008776 -0.002871 0.056337 0.998369
121.195000 121.017807 0.997949 0.333294 0.007678 -0.002797 0.058135 0.998275
121.400000 121.228790 1.024641 0.331924 0.008085 -0.002782 0.060189 0.998150
121.600000 121.420219 1.049014 0.334731 0.007608 -0.002873 0.063368 0.997957
121.799000 121.614235 1.074057 0.335241 0.006761 -0.002783 0.065869 0.997801
121.994000 121.798187 1.102182 0.340939 0.007523 -0.003054 0.067214 0.997706
122.200000 122.006264 1.121891 0.341302 0.006556 -0.002949 0.058377 0.998269
122.393000 122.226578 1.140726 0.338404 0.006159 -0.002728 0.052147 0.998617
122.599000 122.416306 1.143681 0.339957 0.006385 -0.002458 0.028324 0.999575
122.791000 122.603691 1.148159 0.342334 0.007249 -0.002293 0.018216 0.999805
122.996000 122.795219 1.151933 0.343714 0.007429 -0.002377 0.013201 0.999882
123.200000 123.006950 1.154496 0.345153 0.006896 -0.002241 0.010230 0.999921
123.392000 123.219437 1.151686 0.340885 0.005679 -0.002558 0.005231 0.999967
123.597000 123.511971 1.158071 0.300855 -0.001426 -0.001619 -0.002194 0.999995
123.791000 123.677414 1.151343 0.304657 -0.000995 -0.002336 -0.005515 0.999982
124.002000 123.865891 1.146695 0.307490 -0.000473 -0.002401 -0.007716 0.999967
124.198000 124.049774 1.140998 0.315533 0.000594 -0.002128 -0.015559 0.999877
124.395000 124.257324 1.132687 0.315077 0.001132 -0.001991 -0.019712 0.999803
124.600000 124.465004 1.126256 0.313702 0.002478 -0.002149 -0.022151 0.999749
124.795000 124.743912 1.110718 0.277621 -0.003541 -0.001578 -0.022639 0.999736
125.000000 124.907173 1.102196 0.281106 -0.003426 -0.001362 -0.022850 0.999732
125.191000 125.116119 1.093637 0.282688 -0.003521 -0.001436 -0.022210 0.999746
125.397000 125.305336 1.085034 0.286031 -0.003143 -0.001575 -0.021947 0.999753
125.600000 125.523918 1.075429 0.288174 -0.003458 -0.001514 -0.021901 0.999753
125.796000 125.698212 1.068133 0.285281 -0.002350 -0.001463 -0.021977 0.999755
126.000000 125.903114 1.068442 0.288778 -0.001754 -0.001486 -0.021726 0.999761
126.198000 126.086006 1.059501 0.293741 -0.001904 -0.001670 -0.021638 0.999763
126.393000 126.284546 1.050769 0.291856 -0.001972 -0.001860 -0.021418 0.999767
126.603000 126.485535 1.043089 0.291808 -0.001339 -0.001742 -0.020929 0.999779
126.800000 126.693108 1.035383 0.293203 -0.000559 -0.001821 -0.020703 0.999784
126.995000 126.903069 1.027846 0.297531 -0.000540 -0.001697 -0.020426 0.999790
127.193000 127.092094 1.019549 0.297089 -0.000840 -0.001769 -0.020279 0.999792
127.399000 127.293228 1.010457 0.298379 -0.001082 -0.001812 -0.020130 0.999795
127.598000 127.501869 1.002285 0.296221 -0.000862 -0.001914 -0.019634 0.999805
127.794000 127.699043 0.994140 0.300108 -0.001762 -0.002075 -0.019302 0.999810
127.999000 127.919296 0.985864 0.301751 -0.000798 -0.002343 -0.018861 0.999819
128.193000 128.073242 0.979748 0.306587 -0.001310 -0.001856 -0.018419 0.999828
128.398000 128.286118 0.971410 0.306903 -0.001319 -0.002216 -0.018298 0.999829
128.597000 128.480484 0.966050 0.301705 -0.000619 -0.002086 -0.018267 0.999831
128.796000 128.687607 0.956419 0.312126 -0.001719 -0.002462 -0.018220 0.999829
128.998000 128.894058 0.950482 0.310836 -0.001259 -0.002298 -0.018178 0.999831
129.200000 129.193787 0.943001 0.310224 -0.001275 -0.002951 -0.017851 0.999835
129.396000 129.340164 0.936678 0.319273 -0.001787 -0.003126 -0.017630 0.999838
129.594000 129.519241 0.929399 0.319019 -0.001271 -0.003341 -0.017476 0.999841
129.799000 129.732605 0.924215 0.322021 -0.000509 -0.003641 -0.016828 0.999852
129.992000 129.912338 0.917368 0.323156 -0.000787 -0.003926 -0.016752 0.999852
130.196000 130.137375 0.911251 0.318729 -0.000362 -0.003842 -0.016644 0.999854
130.394000 130.353058 0.897987 0.342532 -0.002270 -0.004453 -0.016580 0.999850
130.600000 130.532944 0.891234 0.344008 -0.002754 -0.004712 -0.016399 0.999851
130.796000 130.703354 0.885083 0.344042 -0.002631 -0.004918 -0.016238 0.999853
131.001000 130.926346 0.879412 0.347474 -0.002068 -0.004912 -0.015806 0.999861
131.195000 131.109055 0.874075 0.350307 -0.001646 -0.005014 -0.015695 0.999863
131.393000 131.312256 0.870787 0.348206 -0.000799 -0.005001 -0.015527 0.999867
131.597000 131.504303 0.861380 0.353990 -0.001625 -0.005270 -0.015367 0.999867
131.802000 131.715775 0.850065 0.355384 -0.001806 -0.005251 -0.021449 0.999755
131.995000 131.906097 0.829949 0.357343 -0.001850 -0.005406 -0.038960 0.999224
132.195000 132.086838 0.809051 0.364532 -0.001553 -0.005426 -0.046754 0.998890
132.400000 132.293533 0.785951 0.367907 -0.001948 -0.005572 -0.050559 0.998704
132.593000 132.501190 0.765671 0.362239 -0.001325 -0.005873 -0.052832 0.998585
132.797000 132.704742 0.741999 0.374682 -0.001711 -0.005682 -0.054547 0.998494
132.996000 132.898544 0.723892 0.374449 -0.000771 -0.005676 -0.050285 0.998718
133.202000 133.124191 0.709157 0.372697 -0.000925 -0.005883 -0.042628 0.999073
133.398000 133.302277 0.697707 0.369251 0.000756 -0.006003 -0.039830 0.999188
133.591000 133.523285 0.681287 0.369625 0.000222 -0.005950 -0.038970 0.999223
133.793000 133.690399 0.665429 0.382422 -0.000479 -0.006066 -0.038643 0.999235
133.996000 133.906784 0.648323 0.386481 -0.001167 -0.006369 -0.038381 0.999242
134.192000 134.072433 0.635934 0.393071 -0.000278 -0.006442 -0.038343 0.999244
134.399000 134.291077 0.620734 0.393877 0.000256 -0.006525 -0.038268 0.999246
134.592000 134.468002 0.606660 0.395405 0.000729 -0.006552 -0.038279 0.999245
134.798000 134.772064 0.578274 0.337979 0.009723 -0.004944 -0.038406 0.999203
134.995000 134.949493 0.563902 0.348192 0.009179 -0.004899 -0.038456 0.999206
135.194000 135.151199 0.548735 0.350214 0.009045 -0.005035 -0.038413 0.999208
135.402000 135.360641 0.531797 0.354364 0.008850 -0.005090 -0.038424 0.999209
135.598000 135.569931 0.516487 0.352696 0.008805 -0.005392 -0.038418 0.999208
135.793000 135.774277 0.505474 0.335632 0.009805 -0.005286 -0.038720 0.999188
135.999000 135.975250 0.490440 0.345640 0.010208 -0.005170 -0.039212 0.999165
136.194000 136.167938 0.473040 0.343369 0.009477 -0.005494 -0.039176 0.999172
136.398000 136.376358 0.458786 0.348835 0.010456 -0.005406 -0.038905 0.999174
136.596000 136.543091 0.445269 0.350448 0.010806 -0.005453 -0.038601 0.999181
136.794000 136.757492 0.429492 0.350010 0.011262 -0.005428 -0.038424 0.999183
136.998000 136.950089 0.413719 0.361030 0.010960 -0.005350 -0.038032 0.999202
137.193000 137.145325 0.398391 0.363162 0.010817 -0.005543 -0.038012 0.999203
137.401000 137.323410 0.382748 0.362424 0.010951 -0.005607 -0.037935 0.999204
137.597000 137.521545 0.368951 0.361176 0.011559 -0.005911 -0.037803 0.999201
137.792000 137.698914 0.352847 0.371462 0.010723 -0.005982 -0.037841 0.999208
137.998000 137.932022 0.338373 0.367258 0.011423 -0.006115 -0.037613 0.999208
138.196000 138.118317 0.330881 0.367207 0.011917 -0.006355 -0.026654 0.999553
138.396000 138.316162 0.322999 0.378206 0.010805 -0.006516 -0.021863 0.999681
138.595000 138.507462 0.317415 0.377532 0.011490 -0.006706 -0.019926 0.999713
138.801000 138.691559 0.308517 0.380257 0.010834 -0.006857 -0.019131 0.999735
138.998000 138.925598 0.302774 0.378972 0.012000 -0.007159 -0.018748 0.999727
139.197000 139.106323 0.294541 0.373858 0.011452 -0.007252 -0.018660 0.999734
139.392000 139.392441 0.294806 0.331636 0.022955 -0.006215 -0.018419 0.999547
139.599000 139.556824 0.283048 0.341767 0.020796 -0.005886 -0.018522 0.999595
139.797000 139.791977 0.277891 0.338637 0.021845 -0.006126 -0.018423 0.999573
139.991000 139.965591 0.269104 0.336774 0.021072 -0.006250 -0.018475 0.999588
140.196000 140.202377 0.262570 0.349137 0.021373 -0.006420 -0.018440 0.999581
140.395000 140.357834 0.255837 0.346768 0.021614 -0.006285 -0.018488 0.999576
140.602000 140.592819 0.253472 0.341997 0.023311 -0.006145 -0.018308 0.999542
140.801000 140.756714 0.244168 0.344519 0.022732 -0.006048 -0.018518 0.999552
140.999000 140.959442 0.237141 0.349963 0.023040 -0.006122 -0.018490 0.999545
141.194000 141.141693 0.230074 0.349330 0.023313 -0.006142 -0.018636 0.999536
141.399000 141.376450 0.223316 0.351922 0.023628 -0.006231 -0.018579 0.999529
141.595000 141.556107 0.215349 0.346344 0.023013 -0.006168 -0.018638 0.999542
141.801000 141.775055 0.209173 0.351387 0.023308 -0.006301 -0.018618 0.999535
141.996000 141.930481 0.198706 0.354261 0.022587 -0.006282 -0.018543 0.999553
142.192000 142.146317 0.192865 0.357814 0.022870 -0.006393 -0.017778 0.999560
142.398000 142.332825 0.185180 0.368423 0.022769 -0.006440 -0.017318 0.999570
142.593000 142.558807 0.179233 0.367936 0.022962 -0.006559 -0.017021 0.999570
142.802000 142.746170 0.173181 0.365176 0.023492 -0.006620 -0.016771 0.999561
143.002000 142.983429 0.164113 0.367109 0.021932 -0.006506 -0.016064 0.999609
143.197000 143.152298 0.155331 0.371788 0.021416 -0.006495 -0.015843 0.999624
143.395000 143.367142 0.148711 0.380439 0.021148 -0.006681 -0.015086 0.999640
143.591000 143.556778 0.141551 0.382145 0.020826 -0.006765 -0.015052 0.999647
143.796000 143.797272 0.139561 0.378000 0.022377 -0.006842 -0.014522 0.999621
143.994000 143.973572 0.134728 0.380886 0.023045 -0.006748 -0.014214 0.999611
144.197000 144.247452 0.129151 0.339466 0.028574 -0.005516 -0.013866 0.999480
144.399000 144.409439 0.120462 0.349596 0.027346 -0.005523 -0.013399 0.999521
144.595000 144.614670 0.116551 0.347658 0.027938 -0.005558 -0.012942 0.999510
144.797000 144.809235 0.111740 0.353770 0.028068 -0.005577 -0.012855 0.999508
144.992000 145.035538 0.105677 0.357569 0.027954 -0.005395 -0.012626 0.999515
145.199000 145.231735 0.101561 0.350665 0.028052 -0.005081 -0.012142 0.999520
145.395000 145.432587 0.099270 0.356608 0.028160 -0.005323 -0.011946 0.999518
145.597000 145.614670 0.091535 0.363841 0.027297 -0.005256 -0.011756 0.999544
145.796000 145.823532 0.089388 0.360470 0.028486 -0.005234 -0.011611 0.999513
145.996000 146.017166 0.084776 0.362976 0.028379 -0.005161 -0.011247 0.999521
146.203000 146.246765 0.077532 0.366479 0.027785 -0.005192 -0.010857 0.999541
146.397000 146.430847 0.074816 0.367653 0.028163 -0.005298 -0.010850 0.999530
146.601000 146.631165 0.068548 0.366773 0.027068 -0.005185 -0.010477 0.999565
146.800000 146.816574 0.063674 0.373903 0.026926 -0.005379 -0.010438 0.999568
146.997000 147.021301 0.060097 0.374319 0.027526 -0.005372 -0.010254 0.999554
147.194000 147.218704 0.056786 0.379639 0.027469 -0.005394 -0.010247 0.999556
147.398000 147.443268 0.050419 0.381037 0.026708 -0.005738 -0.010050 0.999576
147.594000 147.631287 0.047763 0.379105 0.027177 -0.005891 -0.009878 0.999564
147.799000 147.839157 0.041489 0.386658 0.026202 -0.005759 -0.009711 0.999593
147.994000 148.016373 0.036988 0.393340 0.025911 -0.006057 -0.009635 0.999599
148.194000 148.229431 0.033379 0.391223 0.026122 -0.005886 -0.009173 0.999599
148.392000 148.429947 0.029972 0.396363 0.026615 -0.006196 -0.008968 0.999586
148.600000 148.657791 0.023827 0.395232 0.025204 -0.006134 -0.008726 0.999625
148.796000 148.841888 0.020568 0.402056 0.025253 -0.005914 -0.008581 0.999627
149.001000 149.048401 0.017625 0.404810 0.025751 -0.006094 -0.008256 0.999616
149.195000 149.246063 0.014861 0.407648 0.025756 -0.005895 -0.008089 0.999618
149.397000 149.452011 0.010500 0.411900 0.025511 -0.005972 -0.007998 0.999625
149.594000 149.639191 0.010598 0.410744 0.027239 -0.006029 -0.007649 0.999582
149.799000 149.887985 0.008444 0.402019 0.027480 -0.005877 -0.007341 0.999578
149.995000 150.062408 0.007486 0.403283 0.028105 -0.005646 -0.006806 0.999566
150.198000 150.252625 0.002925 0.411112 0.027530 -0.005863 -0.006324 0.999584
150.395000 150.468140 0.001815 0.408605 0.028237 -0.005950 -0.005983 0.999566
150.600000 150.661240 0.000378 0.415135 0.029123 -0.006019 -0.006009 0.999540
150.798000 150.867294 0.000419 0.367178 0.032546 -0.005094 -0.005861 0.999440
150.993000 151.046219 -0.003738 0.377536 0.031418 -0.004976 -0.005750 0.999477
151.199000 151.253586 -0.007184 0.381017 0.030979 -0.005027 -0.005695 0.999491
151.398000 151.450638 -0.009545 0.382766 0.031287 -0.005147 -0.005588 0.999482
151.596000 151.669983 -0.011653 0.385954 0.031157 -0.005387 -0.005249 0.999486
151.794000 151.867325 -0.012751 0.386002 0.031720 -0.005285 -0.004956 0.999471
151.991000 152.065811 -0.014787 0.387478 0.031181 -0.005273 -0.004712 0.999489
152.197000 152.253128 -0.016814 0.388411 0.031551 -0.005393 -0.004442 0.999478
152.400000 152.480881 -0.018189 0.393233 0.031446 -0.005652 -0.003844 0.999482
152.595000 152.661926 -0.020074 0.397203 0.031573 -0.005805 -0.003539 0.999478
152.792000 152.878571 -0.016364 0.389214 0.033605 -0.005798 -0.003409 0.999413
152.999000 153.060120 -0.020544 0.400018 0.032462 -0.005714 -0.002810 0.999453
153.196000 153.263412 -0.020944 0.401602 0.032837 -0.005878 -0.002277 0.999441
153.400000 153.454071 -0.022042 0.406315 0.032692 -0.006118 -0.001970 0.999445
153.595000 153.670212 -0.022882 0.406970 0.032604 -0.006054 -0.001731 0.999449
153.798000 153.861404 -0.023135 0.410549 0.033466 -0.006013 -0.001405 0.999421
153.992000 153.639633 -0.026832 0.359062 0.036066 -0.005096 -0.001277 0.999336
154.196000 154.017090 -0.029347 0.366648 0.035098 -0.005098 -0.000964 0.999370
154.394000 154.199188 -0.030497 0.372076 0.035098 -0.005195 -0.000862 0.999370
154.597000 154.433426 -0.031252 0.368826 0.034739 -0.005102 -0.000317 0.999383
154.792000 154.618057 -0.028467 0.371092 0.036037 -0.005309 -0.000070 0.999336
154.993000 154.886337 -0.026479 0.386790 0.036284 -0.005772 0.000116 0.999325
155.200000 155.053909 -0.029952 0.391795 0.034946 -0.005835 0.000382 0.999372
155.394000 155.262512 -0.030720 0.391390 0.034430 -0.005855 0.000902 0.999390
155.598000 155.454056 -0.031406 0.401107 0.034278 -0.005931 0.001307 0.999394
155.795000 155.667938 -0.029599 0.401211 0.034958 -0.006147 0.001542 0.999369
155.999000 155.858459 -0.028547 0.405770 0.035688 -0.006461 0.001986 0.999340
156.197000 156.084885 -0.027191 0.402771 0.034944 -0.006328 0.002442 0.999366
156.392000 156.264664 -0.027748 0.410561 0.034257 -0.006299 0.002657 0.999390
156.592000 156.485764 -0.025349 0.410882 0.034616 -0.006353 0.003077 0.999376
156.801000 156.677460 -0.025124 0.417582 0.034336 -0.006285 0.003356 0.999385
156.996000 156.890945 -0.021571 0.419140 0.035519 -0.006408 0.003604 0.999342
157.192000 157.065018 -0.017774 0.420238 0.036959 -0.006305 0.003660 0.999290
157.397000 157.295898 -0.016100 0.426672 0.035702 -0.006386 0.003947 0.999334
157.601000 157.471802 -0.018394 0.431662 0.035118 -0.006737 0.004110 0.999352
157.795000 157.674942 -0.017112 0.442139 0.035355 -0.006691 0.004267 0.999343
157.996000 157.857895 -0.015553 0.448015 0.035637 -0.006711 0.004642 0.999331
158.193000 158.078339 -0.011108 0.451846 0.036454 -0.006961 0.004895 0.999299
158.397000 158.272522 -0.007180 0.457810 0.037435 -0.007191 0.005052 0.999260
158.592000 158.132446 -0.019188 0.399023 0.037245 -0.005780 0.004983 0.999277
158.796000 158.392410 -0.016951 0.398114 0.036929 -0.005578 0.005251 0.999289
158.997000 158.591797 -0.015909 0.398640 0.036629 -0.005633 0.005703 0.999297
159.200000 158.816956 -0.009173 0.397377 0.038596 -0.005822 0.006386 0.999218
159.393000 159.011520 -0.006506 0.402124 0.039159 -0.005899 0.006385 0.999195
159.599000 159.307755 0.005143 0.399025 0.039459 -0.005848 0.006834 0.999181
159.794000 159.468704 0.002196 0.402666 0.037267 -0.005682 0.007031 0.999264
160.000000 159.675766 0.007394 0.403310 0.038689 -0.005684 0.007133 0.999210
160.196000 159.876389 0.010371 0.405386 0.038885 -0.005807 0.007287 0.999200
160.399000 160.081207 0.013789 0.404539 0.038895 -0.005966 0.007828 0.999195
160.595000 160.271042 0.017411 0.407446 0.038717 -0.005890 0.007971 0.999201
160.799000 160.541916 0.018865 0.363872 0.036661 -0.004878 0.008204 0.999282
160.994000 160.703720 0.021158 0.367929 0.035326 -0.004713 0.008696 0.999327
161.200000 160.904816 0.022482 0.373027 0.035049 -0.004835 0.008997 0.999333
161.396000 161.102463 0.026614 0.374436 0.034829 -0.004956 0.009077 0.999340
161.595000 161.299622 0.028560 0.376776 0.034427 -0.004949 0.009418 0.999351
161.796000 161.501602 0.033145 0.370449 0.034194 -0.004989 0.009840 0.999354
161.998000 161.701767 0.037709 0.368850 0.034689 -0.004937 0.009866 0.999337
162.194000 161.895950 0.041226 0.382789 0.033809 -0.005158 0.010143 0.999364
162.400000 162.095978 0.045683 0.382661 0.034274 -0.004885 0.010295 0.999347
162.595000 162.307816 0.049532 0.384206 0.033673 -0.005137 0.010669 0.999363
162.797000 162.504517 0.051282 0.388588 0.033180 -0.005151 0.010916 0.999377
163.001000 162.712372 0.056739 0.390005 0.032877 -0.005102 0.011514 0.999380
163.199000 162.899857 0.059511 0.387917 0.032451 -0.004985 0.011774 0.999392
163.397000 163.101120 0.066758 0.390522 0.032890 -0.005300 0.012219 0.999370
163.593000 163.298874 0.069277 0.396741 0.032151 -0.005535 0.012486 0.999390
163.802000 163.513367 0.075866 0.395981 0.032694 -0.005608 0.012812 0.999368
164.000000 163.355804 0.058800 0.359548 0.029689 -0.004645 0.012760 0.999467
164.193000 163.669296 0.073514 0.361622 0.030467 -0.004836 0.013472 0.999433
164.400000 163.865662 0.077555 0.360882 0.030086 -0.004617 0.013911 0.999440
164.599000 164.086014 0.083748 0.364962 0.030131 -0.004809 0.014321 0.999432
164.792000 164.258713 0.088726 0.368455 0.029581 -0.004856 0.014617 0.999444
165.000000 164.579605 0.099151 0.362630 0.028096 -0.004670 0.014948 0.999483
165.197000 164.774979 0.104400 0.367755 0.028307 -0.004752 0.014962 0.999476
165.402000 164.964432 0.110075 0.367099 0.028793 -0.004800 0.015221 0.999458
165.600000 165.181686 0.117979 0.368116 0.029075 -0.004702 0.015474 0.999446
165.796000 165.366516 0.119892 0.371899 0.027992 -0.004868 0.015527 0.999476
165.993000 165.579773 0.130458 0.370675 0.029488 -0.005059 0.015598 0.999431
166.198000 165.774277 0.134719 0.376178 0.028911 -0.005026 0.015745 0.999445
166.392000 165.987686 0.141181 0.384508 0.027922 -0.005348 0.015933 0.999469
