0.000000 0.000000 0.000000 0.000000 0.000001 0.000005 -0.000001 1.000000
0.201000 0.018038 0.000003 0.004048 -0.000215 0.000007 0.000004 1.000000
0.402000 0.203685 -0.000575 0.003521 -0.000364 -0.000108 -0.002006 0.999998
0.601000 0.400049 0.000021 0.006748 -0.000332 -0.000184 -0.001605 0.999999
0.797000 0.592962 0.000423 0.011675 -0.000278 -0.000267 -0.001409 0.999999
0.998000 0.797238 -0.001277 0.017607 -0.000870 -0.000389 0.001563 0.999998
1.200000 1.004438 0.002856 0.010373 0.001246 -0.000278 0.004253 0.999990
1.398000 1.202483 0.009346 0.014021 0.001202 -0.000256 0.008088 0.999967
1.596000 1.401706 0.013794 0.016505 0.001361 -0.000366 0.009460 0.999954
1.792000 1.594680 0.018189 0.020523 0.001272 -0.000478 0.010935 0.999939
2.001000 1.813562 0.020442 0.023244 0.001556 -0.000526 0.014112 0.999899
2.200000 2.016388 0.031735 0.017970 0.003401 -0.000562 0.017162 0.999847
2.401000 2.219256 0.041871 0.021083 0.003122 -0.000612 0.019347 0.999808
2.592000 2.412131 0.050574 0.021561 0.003802 -0.000717 0.021815 0.999755
2.797000 2.611216 0.062907 0.026006 0.004381 -0.000729 0.023209 0.999721
2.993000 2.810029 0.074561 0.029373 0.005153 -0.000862 0.025271 0.999667
3.201000 3.020650 0.086576 0.021608 0.006576 -0.000940 0.027946 0.999587
3.397000 3.211062 0.100630 0.027325 0.005436 -0.001252 0.030546 0.999518
3.596000 3.411156 0.114957 0.024308 0.006619 -0.001467 0.032283 0.999456
3.793000 3.606459 0.128620 0.031610 0.006316 -0.001573 0.034444 0.999385
3.999000 3.814690 0.146882 0.030812 0.007379 -0.001862 0.035664 0.999335
4.194000 4.005474 0.158473 0.030557 0.006045 -0.002120 0.037667 0.999270
4.400000 4.216413 0.171767 0.028430 0.004866 -0.002530 0.040249 0.999175
4.596000 4.410285 0.191305 0.035481 0.004222 -0.002498 0.042396 0.999089
4.794000 4.610304 0.208047 0.033893 0.003909 -0.002750 0.044588 0.998994
4.997000 4.807552 0.230794 0.039760 0.003910 -0.002979 0.047602 0.998854
5.196000 5.011645 0.251305 0.042126 0.004438 -0.003172 0.049606 0.998754
5.391000 5.198534 0.274367 0.039893 0.004201 -0.003254 0.050702 0.998700
5.599000 5.413103 0.297712 0.036695 0.004012 -0.003351 0.052625 0.998601
5.799000 5.612026 0.319250 0.044025 0.004218 -0.003397 0.056034 0.998414
5.995000 5.810972 0.343081 0.046341 0.004506 -0.003367 0.057906 0.998306
6.200000 6.007932 0.367388 0.053385 0.004016 -0.003549 0.059595 0.998208
6.396000 6.206382 0.395205 0.050667 0.005179 -0.003776 0.062931 0.997997
6.596000 6.406162 0.405972 0.051329 0.005452 -0.003693 0.043039 0.999052
6.799000 6.619623 0.411799 0.051015 0.004903 -0.003826 0.030895 0.999503
6.996000 6.812040 0.421893 0.055963 0.005456 -0.003830 0.025839 0.999644
7.195000 7.004721 0.432625 0.062342 0.005879 -0.003789 0.021929 0.999735
7.400000 7.215156 0.435645 0.063663 0.005313 -0.004059 0.020697 0.999763
7.598000 7.408566 0.446077 0.068813 0.005443 -0.004036 0.020415 0.999769
7.800000 7.617153 0.450686 0.070132 0.004555 -0.004364 0.020363 0.999773
7.995000 7.808825 0.464031 0.072196 0.006144 -0.004521 0.020212 0.999767
8.199000 8.019998 0.470414 0.076789 0.006239 -0.004891 0.020345 0.999762
8.396000 8.215925 0.482068 0.079814 0.007186 -0.004778 0.020313 0.999756
8.593000 8.413306 0.487951 0.078448 0.006677 -0.005059 0.020346 0.999758
8.793000 8.621737 0.498332 0.080455 0.006943 -0.005268 0.020311 0.999756
8.999000 8.831451 0.504050 0.078506 0.006601 -0.005364 0.020333 0.999757
9.193000 9.009196 0.515051 0.085705 0.006658 -0.005037 0.020251 0.999760
9.398000 9.216826 0.521635 0.080829 0.006701 -0.005074 0.020320 0.999758
9.592000 9.404049 0.535481 0.082283 0.008031 -0.004860 0.020252 0.999751
9.797000 9.623921 0.543261 0.083520 0.008933 -0.004964 0.020221 0.999743
10.000000 9.823710 0.549375 0.086638 0.006775 -0.005261 0.020075 0.999762
10.194000 10.027777 0.555399 0.088450 0.006961 -0.005401 0.019893 0.999763
10.402000 10.220560 0.564891 0.096440 0.007097 -0.005222 0.019783 0.999765
10.599000 10.420981 0.569170 0.094125 0.006438 -0.005322 0.019912 0.999767
10.796000 10.616739 0.580322 0.098686 0.006462 -0.005283 0.019964 0.999766
11.002000 10.828424 0.591359 0.096130 0.008716 -0.004986 0.020487 0.999740
11.196000 11.016685 0.600627 0.095186 0.008317 -0.004959 0.020529 0.999742
11.399000 11.234777 0.602487 0.095010 0.006539 -0.004825 0.020741 0.999752
11.592000 11.410786 0.612250 0.100134 0.006568 -0.004808 0.020788 0.999751
11.791000 11.618194 0.619682 0.098451 0.006762 -0.004788 0.020910 0.999747
12.001000 11.826159 0.629482 0.105480 0.006260 -0.004498 0.020941 0.999751
12.196000 12.037886 0.635324 0.109033 0.006116 -0.004788 0.021076 0.999748
12.402000 12.239755 0.649105 0.109598 0.007604 -0.004703 0.020999 0.999740
12.599000 12.424095 0.653271 0.113107 0.006911 -0.005111 0.021017 0.999742
12.795000 12.615739 0.664095 0.111575 0.007714 -0.005207 0.020993 0.999736
12.994000 12.820412 0.669267 0.117979 0.006872 -0.005481 0.021029 0.999740
13.198000 13.018507 0.680643 0.123080 0.007025 -0.005661 0.020983 0.999739
13.396000 13.230889 0.690884 0.125451 0.008826 -0.005868 0.021040 0.999722
13.603000 13.428630 0.701291 0.126964 0.008887 -0.005905 0.020984 0.999723
13.800000 13.631545 0.702717 0.126592 0.008341 -0.005998 0.015325 0.999830
13.995000 13.816839 0.703973 0.133944 0.008318 -0.006150 0.007261 0.999920
14.200000 14.028668 0.703384 0.135730 0.008567 -0.006375 0.003126 0.999938
14.396000 14.215851 0.708907 0.133411 0.010909 -0.006357 0.001200 0.999920
14.599000 14.426284 0.709301 0.138557 0.010727 -0.006565 0.000754 0.999921
14.794000 14.616317 0.709055 0.138539 0.011463 -0.006632 -0.002206 0.999910
15.000000 14.818397 0.701001 0.146572 0.010665 -0.006494 -0.008860 0.999883
15.195000 15.021508 0.694764 0.142756 0.011056 -0.006680 -0.012236 0.999842
15.398000 15.208941 0.690192 0.151780 0.010797 -0.006879 -0.013421 0.999828
15.594000 15.417807 0.684436 0.153127 0.010876 -0.007335 -0.013560 0.999822
15.799000 15.610842 0.681905 0.158327 0.012070 -0.007003 -0.013486 0.999812
15.994000 15.820342 0.676424 0.155692 0.012606 -0.007070 -0.013428 0.999805
16.199000 16.011307 0.667886 0.168323 0.010378 -0.007412 -0.013433 0.999828
16.397000 16.209286 0.662386 0.167934 0.011093 -0.007713 -0.013194 0.999822
16.597000 16.401232 0.659521 0.169370 0.011054 -0.007657 -0.013307 0.999821
16.802000 16.629330 0.652900 0.166955 0.011724 -0.007925 -0.013474 0.999809
16.999000 16.821079 0.648264 0.179837 0.011112 -0.008148 -0.013473 0.999814
17.194000 17.016958 0.639799 0.181845 0.010441 -0.008344 -0.013302 0.999822
17.402000 17.208628 0.636828 0.189893 0.010840 -0.008558 -0.012971 0.999820
17.599000 17.435574 0.632851 0.189906 0.011862 -0.008673 -0.012931 0.999808
17.793000 17.620451 0.627561 0.191780 0.011263 -0.008705 -0.012897 0.999816
17.999000 17.840233 0.617128 0.196826 0.009223 -0.008794 -0.012958 0.999835
18.192000 18.021563 0.612532 0.201882 0.009361 -0.008704 -0.012956 0.999834
18.399000 18.246609 0.603163 0.196530 0.008311 -0.008620 -0.012987 0.999844
18.594000 18.410189 0.597598 0.196233 0.007853 -0.008594 -0.012924 0.999849
18.798000 18.635281 0.587527 0.199460 0.005782 -0.008513 -0.012192 0.999873
18.995000 18.843447 0.583517 0.207578 0.005661 -0.008458 -0.011993 0.999876
19.201000 19.036818 0.577804 0.211023 0.005477 -0.007669 -0.011753 0.999887
19.397000 19.215425 0.574845 0.213653 0.005639 -0.007337 -0.011207 0.999894
19.593000 19.427843 0.568131 0.212083 0.004983 -0.007312 -0.010796 0.999903
19.801000 19.623173 0.565869 0.213220 0.005623 -0.007211 -0.010452 0.999904
19.996000 19.834841 0.560354 0.215517 0.004696 -0.007261 -0.010040 0.999912
20.193000 20.039482 0.555973 0.218834 0.004554 -0.007188 -0.009581 0.999918
20.396000 20.237236 0.552623 0.220928 0.005286 -0.006805 -0.009220 0.999920
20.592000 20.417870 0.550339 0.225197 0.005562 -0.006843 -0.008959 0.999921
20.795000 20.632736 0.545092 0.228244 0.005208 -0.006942 -0.008731 0.999924
20.999000 20.829355 0.541516 0.234237 0.005101 -0.006790 -0.008419 0.999928
21.193000 21.036674 0.538599 0.234400 0.005049 -0.006819 -0.007915 0.999933
21.399000 21.241865 0.536136 0.229141 0.005324 -0.006630 -0.007814 0.999933
21.599000 21.430616 0.534016 0.229137 0.005903 -0.006253 -0.007600 0.999934
21.796000 21.620977 0.531319 0.229963 0.005868 -0.006173 -0.006950 0.999940
21.994000 21.820908 0.529079 0.232650 0.006190 -0.005897 -0.006722 0.999941
22.199000 22.029743 0.524908 0.241811 0.005542 -0.006074 -0.006220 0.999947
22.395000 22.234316 0.522478 0.244150 0.005480 -0.006044 -0.005976 0.999949
22.593000 22.438105 0.518130 0.245046 0.004359 -0.006232 -0.005682 0.999955
22.798000 22.635387 0.517450 0.248301 0.005224 -0.006057 -0.005180 0.999955
22.994000 22.831366 0.517882 0.250040 0.006162 -0.005933 -0.005015 0.999951
23.199000 23.034180 0.514312 0.251520 0.005680 -0.005874 -0.004418 0.999957
23.395000 23.237240 0.514803 0.250255 0.006911 -0.005651 -0.004193 0.999951
23.600000 23.438742 0.513194 0.249904 0.006679 -0.005688 -0.004115 0.999953
23.797000 23.633162 0.511571 0.257843 0.006592 -0.005695 -0.003763 0.999955
23.993000 23.823933 0.508867 0.262823 0.005905 -0.005638 -0.003506 0.999961
24.200000 24.034790 0.505958 0.262167 0.005358 -0.005543 -0.003156 0.999965
24.394000 24.231201 0.504347 0.267804 0.005251 -0.005536 -0.002687 0.999967
24.600000 24.447273 0.505436 0.269324 0.006531 -0.005387 -0.002640 0.999961
24.799000 24.649742 0.504306 0.274240 0.005944 -0.005350 -0.002528 0.999965
24.994000 24.836254 0.502648 0.277175 0.005779 -0.005266 -0.002428 0.999966
25.199000 25.039919 0.502439 0.282028 0.006337 -0.005313 -0.002108 0.999964
25.399000 25.243994 0.498801 0.275933 0.005340 -0.005388 -0.001651 0.999970
25.602000 25.438099 0.499074 0.285567 0.005936 -0.005310 -0.001424 0.999967
25.796000 25.652987 0.500663 0.282460 0.006406 -0.005223 -0.001223 0.999965
25.994000 25.835007 0.501952 0.286223 0.007050 -0.005108 -0.000983 0.999962
26.199000 26.043276 0.501092 0.287034 0.007209 -0.005162 -0.000882 0.999960
26.401000 26.237850 0.500248 0.293403 0.006774 -0.005189 -0.000756 0.999963
26.596000 26.436455 0.497845 0.295805 0.005669 -0.005428 -0.000291 0.999969
26.792000 26.632240 0.498211 0.299232 0.006059 -0.005373 0.000181 0.999967
26.997000 26.854677 0.497263 0.300333 0.004790 -0.005606 0.000405 0.999973
27.199000 27.043362 0.499757 0.302029 0.006052 -0.005602 0.000732 0.999966
27.396000 27.238272 0.499564 0.305349 0.006121 -0.005771 0.001175 0.999964
27.601000 27.438602 0.499341 0.314085 0.005733 -0.005950 0.001638 0.999965
27.799000 27.647182 0.501261 0.315771 0.006537 -0.006078 0.001877 0.999958
27.996000 27.847904 0.502682 0.319628 0.006469 -0.006115 0.002277 0.999958
28.200000 28.081404 0.500915 0.324064 0.005378 -0.006403 0.002723 0.999961
28.396000 28.251213 0.502910 0.325003 0.005519 -0.006486 0.002821 0.999960
28.602000 28.470119 0.503623 0.330689 0.005171 -0.006715 0.002979 0.999960
28.796000 28.649704 0.504935 0.332262 0.005080 -0.006879 0.003208 0.999958
29.000000 28.870796 0.507767 0.330866 0.005907 -0.006876 0.003692 0.999952
29.193000 29.049496 0.508589 0.335924 0.005633 -0.006970 0.003941 0.999952
29.396000 29.269432 0.505893 0.340704 0.004072 -0.007267 0.004142 0.999957
29.593000 29.455980 0.511232 0.339543 0.005148 -0.007345 0.004493 0.999950
29.799000 29.658482 0.512699 0.344255 0.005144 -0.007423 0.004804 0.999948
29.992000 29.844559 0.512958 0.349312 0.004420 -0.007556 0.004939 0.999949
30.198000 30.065115 0.514783 0.351853 0.004564 -0.007707 0.004994 0.999947
30.392000 30.248053 0.514926 0.353695 0.004082 -0.007889 0.005111 0.999947
30.595000 30.460630 0.518774 0.359654 0.004645 -0.008095 0.005301 0.999942
30.793000 30.633560 0.521823 0.360418 0.005205 -0.008148 0.005324 0.999939
30.998000 30.844341 0.523072 0.361144 0.004472 -0.008276 0.005693 0.999940
31.202000 31.047539 0.524476 0.365721 0.003961 -0.008302 0.006227 0.999938
31.397000 31.259401 0.524828 0.366225 0.003500 -0.008380 0.006524 0.999937
31.594000 31.464462 0.528826 0.368108 0.003938 -0.008607 0.006511 0.999934
31.792000 31.663813 0.531885 0.375255 0.004006 -0.008669 0.006700 0.999932
31.998000 31.855949 0.536451 0.379938 0.004657 -0.008664 0.006792 0.999929
32.193000 32.062183 0.539467 0.387092 0.004977 -0.008864 0.006975 0.999924
32.397000 32.263756 0.545207 0.390138 0.005404 -0.008824 0.007226 0.999920
32.602000 32.486938 0.546141 0.390758 0.004708 -0.008894 0.007852 0.999919
32.795000 32.670719 0.549991 0.396178 0.004766 -0.008854 0.008303 0.999915
32.998000 32.879219 0.551524 0.397388 0.004627 -0.008898 0.008511 0.999913
33.192000 33.058472 0.556457 0.400680 0.004763 -0.008889 0.008617 0.999912
33.403000 33.279148 0.559121 0.401638 0.005017 -0.008862 0.008789 0.999910
33.596000 33.464699 0.563219 0.404689 0.004638 -0.009022 0.008758 0.999910
33.801000 33.681355 0.564852 0.408810 0.004107 -0.009089 0.008882 0.999911
33.995000 33.850430 0.568991 0.408214 0.004394 -0.009208 0.008917 0.999908
34.197000 34.064640 0.572115 0.410279 0.004765 -0.009091 0.008895 0.999908
34.394000 34.252468 0.577321 0.416253 0.004866 -0.009166 0.009009 0.999906
34.592000 34.467030 0.578386 0.419054 0.004512 -0.009251 0.009152 0.999905
34.799000 34.667740 0.586158 0.427645 0.005334 -0.009221 0.009399 0.999899
34.995000 34.888126 0.586685 0.429132 0.004620 -0.009446 0.009528 0.999899
35.192000 35.064194 0.591809 0.433250 0.004547 -0.009500 0.009781 0.999897
35.399000 35.277100 0.596481 0.437188 0.005172 -0.009574 0.010462 0.999886
35.595000 35.460205 0.601992 0.436256 0.005481 -0.009662 0.010551 0.999883
35.801000 35.670742 0.605930 0.445425 0.006264 -0.009672 0.010795 0.999875
35.997000 35.866501 0.611038 0.452497 0.006243 -0.009762 0.010919 0.999873
36.195000 36.091362 0.613247 0.451409 0.005437 -0.009927 0.011252 0.999873
36.401000 36.271183 0.617877 0.456602 0.004769 -0.009938 0.011812 0.999869
36.603000 36.492638 0.624169 0.461544 0.005589 -0.009986 0.012012 0.999862
36.799000 36.675591 0.628716 0.463852 0.005228 -0.010039 0.011972 0.999864
36.996000 36.896259 0.633522 0.473752 0.005639 -0.010111 0.011963 0.999861
37.202000 37.088657 0.639126 0.476609 0.005112 -0.010194 0.012025 0.999863
37.398000 37.290371 0.641628 0.477559 0.006169 -0.010153 0.006677 0.999907
37.598000 37.475758 0.633182 0.483051 0.004445 -0.010207 -0.001060 0.999937
37.793000 37.674820 0.632964 0.484240 0.005556 -0.010229 -0.005162 0.999919
37.999000 37.902588 0.630553 0.491807 0.006355 -0.010255 -0.007265 0.999901
38.197000 38.091534 0.628816 0.493481 0.007146 -0.010258 -0.008016 0.999890
38.395000 38.294827 0.623977 0.501212 0.006481 -0.010528 -0.008269 0.999889
38.599000 38.486862 0.618268 0.503708 0.005921 -0.010472 -0.008303 0.999893
38.794000 38.681335 0.613710 0.503130 0.004877 -0.010519 -0.008335 0.999898
38.999000 38.879333 0.611267 0.511645 0.005454 -0.010637 -0.008320 0.999894
39.195000 39.082970 0.608368 0.519314 0.005844 -0.010606 -0.008007 0.999895
39.402000 39.295246 0.607210 0.523647 0.007147 -0.010573 -0.007467 0.999891
39.598000 39.493279 0.603749 0.528425 0.006086 -0.010721 -0.007358 0.999897
39.793000 39.679996 0.600973 0.530319 0.006481 -0.010662 -0.007394 0.999895
39.996000 39.887737 0.599471 0.536511 0.006754 -0.010631 -0.007303 0.999894
40.200000 40.098190 0.596916 0.542919 0.007234 -0.010731 -0.007398 0.999889
40.396000 40.300255 0.592476 0.546439 0.006704 -0.010846 -0.007467 0.999891
40.600000 40.515026 0.586418 0.552086 0.005488 -0.011120 -0.007528 0.999895
40.797000 40.699524 0.583665 0.557383 0.004986 -0.011034 -0.007557 0.999898
40.994000 40.895889 0.581234 0.559999 0.005399 -0.011163 -0.007522 0.999895
41.202000 41.103100 0.577472 0.568384 0.005281 -0.011400 -0.007740 0.999891
41.400000 41.293499 0.576814 0.565134 0.006435 -0.011079 -0.006805 0.999895
41.594000 41.488708 0.570749 0.574349 0.004671 -0.011359 -0.005905 0.999907
41.799000 41.687710 0.569835 0.575221 0.005128 -0.011212 -0.005299 0.999910
41.992000 41.883213 0.570733 0.583221 0.006025 -0.011189 -0.005087 0.999906
42.198000 42.107998 0.570476 0.585348 0.006953 -0.011253 -0.004882 0.999901
42.394000 42.298721 0.568072 0.591402 0.006335 -0.011257 -0.004990 0.999904
42.600000 42.518684 0.565271 0.591373 0.006896 -0.011205 -0.004981 0.999901
42.795000 42.701958 0.563571 0.594786 0.006632 -0.011061 -0.005034 0.999904
42.998000 42.899937 0.559775 0.598928 0.006052 -0.011049 -0.005070 0.999908
43.192000 43.095039 0.556991 0.607380 0.005081 -0.011103 -0.005052 0.999913
43.395000 43.305092 0.556324 0.610648 0.006034 -0.011211 -0.005034 0.999906
43.596000 43.511139 0.554594 0.612623 0.005772 -0.011158 -0.005067 0.999908
43.797000 43.719536 0.552998 0.618755 0.006138 -0.011204 -0.005063 0.999906
44.001000 43.918144 0.550802 0.624878 0.005758 -0.011098 -0.005097 0.999909
44.193000 44.121925 0.547869 0.630292 0.005814 -0.011115 -0.005094 0.999908
44.400000 44.313599 0.545582 0.636760 0.005481 -0.011201 -0.005130 0.999909
44.593000 44.517368 0.542098 0.643155 0.005154 -0.011260 -0.005123 0.999910
44.801000 44.720249 0.542808 0.641954 0.005745 -0.011114 -0.005133 0.999909
45.000000 44.927269 0.537511 0.646832 0.005017 -0.011123 -0.005106 0.999913
45.199000 45.111080 0.537050 0.652026 0.005196 -0.011108 -0.005145 0.999912
45.394000 45.325340 0.534504 0.652808 0.005274 -0.011166 -0.005140 0.999911
45.601000 45.534542 0.533304 0.659323 0.005607 -0.011120 -0.005145 0.999909
45.798000 45.735840 0.528785 0.662591 0.004948 -0.011156 -0.005154 0.999912
45.994000 45.912510 0.527321 0.665469 0.004589 -0.011172 -0.005229 0.999913
46.200000 46.129536 0.523783 0.673179 0.004470 -0.011279 -0.005214 0.999913
46.400000 46.322102 0.523537 0.676224 0.005013 -0.011305 -0.005251 0.999910
46.598000 46.532497 0.519169 0.686535 0.004249 -0.011479 -0.005237 0.999911
46.797000 46.721722 0.518338 0.689211 0.004493 -0.011511 -0.005251 0.999910
46.993000 46.936852 0.514361 0.691325 0.003776 -0.011706 -0.005228 0.999911
47.200000 47.123501 0.514487 0.695007 0.004603 -0.011617 -0.005236 0.999908
47.395000 47.317795 0.512350 0.701147 0.005016 -0.011700 -0.005222 0.999905
47.599000 47.515778 0.511285 0.708438 0.005115 -0.011764 -0.005264 0.999904
47.794000 47.719368 0.507417 0.715730 0.004770 -0.011812 -0.005270 0.999905
47.997000 47.921524 0.506970 0.717461 0.005337 -0.011910 -0.005395 0.999900
48.200000 48.124249 0.505917 0.722586 0.006036 -0.012014 -0.005421 0.999895
48.400000 48.307663 0.501924 0.731843 0.005347 -0.012205 -0.005509 0.999896
48.596000 48.509617 0.499999 0.734562 0.005416 -0.012265 -0.005449 0.999895
48.796000 48.676575 0.495997 0.740501 0.004596 -0.012643 -0.005435 0.999895
49.002000 48.905945 0.494787 0.740673 0.005100 -0.012437 -0.005081 0.999897
49.198000 49.092617 0.492872 0.748373 0.005065 -0.012525 -0.004983 0.999896
49.398000 49.293106 0.490627 0.753504 0.004701 -0.012707 -0.004601 0.999898
49.598000 49.485435 0.488057 0.759361 0.004298 -0.013065 -0.004633 0.999895
49.795000 49.681278 0.486469 0.763948 0.004255 -0.013074 -0.004760 0.999894
49.996000 49.883286 0.483639 0.771839 0.003919 -0.013355 -0.004756 0.999892
50.192000 50.092674 0.483898 0.774601 0.004643 -0.013207 -0.004800 0.999890
50.399000 50.290150 0.479318 0.782075 0.003517 -0.013160 -0.004900 0.999895
50.595000 50.497704 0.479997 0.784304 0.004560 -0.013165 -0.004929 0.999891
50.793000 50.678543 0.477177 0.793279 0.003893 -0.013259 -0.004891 0.999893
51.002000 50.873402 0.477358 0.798095 0.004581 -0.013398 -0.004900 0.999888
51.195000 51.065186 0.476646 0.803114 0.004661 -0.013397 -0.004945 0.999887
51.403000 51.265930 0.476727 0.805473 0.005135 -0.013672 -0.004886 0.999881
51.599000 51.463428 0.473394 0.805630 0.004711 -0.013580 -0.004899 0.999885
51.796000 51.675018 0.471582 0.812111 0.004729 -0.013366 -0.004877 0.999888
51.993000 51.865585 0.468421 0.819604 0.004910 -0.013447 -0.004985 0.999885
52.200000 52.076683 0.469033 0.824633 0.005939 -0.013560 -0.004957 0.999878
52.402000 52.273197 0.464496 0.837037 0.005214 -0.013786 -0.005121 0.999878
52.599000 52.474453 0.463662 0.841330 0.005621 -0.013783 -0.005407 0.999875
52.795000 52.669472 0.461965 0.843731 0.006252 -0.013813 -0.005350 0.999871
53.000000 52.877789 0.457615 0.849704 0.005519 -0.013826 -0.005400 0.999875
53.200000 53.065548 0.454736 0.855416 0.005278 -0.013934 -0.005432 0.999874
53.398000 53.249683 0.453821 0.859517 0.005760 -0.014061 -0.005436 0.999870
53.596000 53.451488 0.451368 0.868958 0.006498 -0.014139 -0.005432 0.999864
53.791000 53.633190 0.449173 0.873487 0.006607 -0.014370 -0.005417 0.999860
53.995000 53.852940 0.446285 0.878182 0.006875 -0.014316 -0.005417 0.999859
54.196000 54.047546 0.443894 0.888001 0.006699 -0.014457 -0.005417 0.999858
54.400000 54.250626 0.442672 0.893415 0.006387 -0.014764 -0.005498 0.999855
54.594000 54.441044 0.442303 0.900682 0.007313 -0.014886 -0.005252 0.999849
54.800000 54.630936 0.438992 0.909867 0.007103 -0.015162 -0.004991 0.999847
54.997000 54.834160 0.438151 0.916802 0.007596 -0.015374 -0.004870 0.999841
55.195000 55.049442 0.436652 0.918651 0.007932 -0.015416 -0.004718 0.999839
55.400000 55.219299 0.432783 0.925072 0.006969 -0.015599 -0.004660 0.999843
55.597000 55.410156 0.432456 0.935218 0.008177 -0.015571 -0.004761 0.999834
55.793000 55.596611 0.431941 0.937889 0.009278 -0.015384 -0.005130 0.999825
55.997000 55.812237 0.427344 0.948288 0.009391 -0.015585 -0.005275 0.999821
56.194000 56.001801 0.427214 0.960531 0.009799 -0.015710 -0.005345 0.999814
56.399000 56.229069 0.421863 0.959298 0.008219 -0.015558 -0.005445 0.999830
56.598000 56.405678 0.422556 0.969937 0.008610 -0.015331 -0.005482 0.999830
56.793000 56.609985 0.416841 0.977611 0.006979 -0.015429 -0.005475 0.999842
56.998000 56.824604 0.419551 0.972666 0.008810 -0.015496 -0.005379 0.999827
57.196000 57.036030 0.417016 0.978826 0.008773 -0.015449 -0.005445 0.999827
57.394000 57.225880 0.415897 0.979195 0.009702 -0.015440 -0.005472 0.999819
57.599000 57.437199 0.410113 0.985853 0.008084 -0.015581 -0.005503 0.999831
57.792000 57.611771 0.408262 0.995642 0.007432 -0.015518 -0.005495 0.999837
57.997000 57.820274 0.405609 1.001497 0.007584 -0.015575 -0.005600 0.999834
58.195000 58.024982 0.404097 1.008279 0.007645 -0.015535 -0.005595 0.999834
58.396000 58.224064 0.401406 1.021513 0.007583 -0.015576 -0.005551 0.999835
58.592000 58.412525 0.402124 1.025176 0.008868 -0.015449 -0.005364 0.999827
58.799000 58.634243 0.395857 1.029120 0.007370 -0.015599 -0.005039 0.999838
58.996000 58.821079 0.395532 1.036775 0.007602 -0.015490 -0.004850 0.999839
59.192000 59.023823 0.390502 1.043192 0.006799 -0.015635 -0.004592 0.999844
59.402000 59.251591 0.389958 1.050919 0.007356 -0.015538 -0.004392 0.999843
59.597000 59.433605 0.385976 1.061596 0.006892 -0.015597 -0.004200 0.999846
59.792000 59.634453 0.385993 1.065488 0.007769 -0.015586 -0.003759 0.999841
59.996000 59.830025 0.384322 1.067140 0.006934 -0.015779 -0.003392 0.999846
60.193000 60.027653 0.384907 1.071116 0.007670 -0.015801 -0.003074 0.999841
60.397000 60.231041 0.383184 1.081586 0.007469 -0.015776 -0.002839 0.999844
60.600000 60.456909 0.382427 1.089571 0.007235 -0.015910 -0.002384 0.999844
60.800000 60.645691 0.381136 1.095988 0.007888 -0.015859 -0.002034 0.999841
60.996000 60.847889 0.380474 1.100830 0.007293 -0.016005 -0.001671 0.999844
61.192000 61.026470 0.378893 1.107584 0.007277 -0.016024 -0.001124 0.999844
61.399000 61.243210 0.378365 1.115639 0.007050 -0.016224 -0.000789 0.999843
61.594000 61.422672 0.377293 1.128713 0.007033 -0.016400 -0.000689 0.999841
61.798000 61.638882 0.378853 1.136937 0.007770 -0.016460 -0.000332 0.999834
61.992000 61.821194 0.379090 1.141058 0.008156 -0.016542 0.000195 0.999830
62.197000 62.036583 0.380325 1.141355 0.007959 -0.016814 0.000377 0.999827
62.401000 62.208080 0.379664 1.150969 0.008275 -0.017007 0.000754 0.999821
62.599000 62.429199 0.380704 1.155895 0.008626 -0.017173 0.001438 0.999814
62.797000 62.612854 0.381635 1.168929 0.009105 -0.017223 0.002111 0.999808
62.996000 62.827728 0.380388 1.172204 0.008429 -0.017511 0.002247 0.999809
63.195000 63.003983 0.381698 1.185584 0.007989 -0.017773 0.002720 0.999806
63.398000 63.228539 0.382547 1.189932 0.008019 -0.017954 0.003017 0.999802
63.595000 63.399239 0.383121 1.200094 0.007543 -0.018147 0.003278 0.999802
63.802000 63.642235 0.384004 1.211208 0.007642 -0.018349 0.003488 0.999796
64.000000 63.812595 0.387546 1.215086 0.008360 -0.018454 0.003612 0.999788
64.192000 64.039352 0.390878 1.218865 0.009595 -0.018550 0.004505 0.999772
64.397000 64.204079 0.390734 1.230669 0.008989 -0.018655 0.004830 0.999774
64.599000 64.423180 0.392018 1.235307 0.008382 -0.018949 0.005056 0.999773
64.793000 64.602730 0.393093 1.244862 0.008179 -0.019063 0.005227 0.999771
64.996000 64.823380 0.396438 1.250245 0.009154 -0.019232 0.005498 0.999758
65.193000 64.998138 0.398291 1.255866 0.008959 -0.019404 0.005653 0.999756
65.397000 65.230095 0.402558 1.262270 0.009695 -0.019409 0.005829 0.999748
65.600000 65.415581 0.404832 1.275808 0.009879 -0.019481 0.005924 0.999744
65.798000 65.627335 0.409286 1.281335 0.010500 -0.019498 0.006235 0.999735
65.995000 65.812737 0.410004 1.290756 0.009753 -0.019869 0.006168 0.999736
66.193000 66.043610 0.413623 1.298382 0.010081 -0.019906 0.006534 0.999730
66.398000 66.218025 0.414212 1.308195 0.009565 -0.020241 0.006649 0.999727
66.592000 66.437157 0.419085 1.314277 0.010192 -0.020211 0.006828 0.999720
66.797000 66.622688 0.419451 1.325481 0.009265 -0.020515 0.007099 0.999721
67.002000 66.838417 0.424792 1.325442 0.010510 -0.020731 0.007634 0.999701
67.198000 67.012077 0.429808 1.331032 0.010936 -0.020858 0.007657 0.999693
67.394000 67.224915 0.433350 1.343596 0.011094 -0.021114 0.007869 0.999685
67.600000 67.404976 0.437485 1.350615 0.011961 -0.021092 0.008000 0.999674
67.796000 67.607994 0.439761 1.366706 0.011841 -0.021205 0.008408 0.999670
67.993000 67.798668 0.442126 1.376285 0.010721 -0.021384 0.008679 0.999676
68.198000 68.002739 0.446649 1.382458 0.010739 -0.021669 0.009029 0.999667
68.394000 68.189690 0.452090 1.391315 0.011697 -0.021781 0.009161 0.999652
68.596000 68.397926 0.455351 1.404766 0.011503 -0.021964 0.009414 0.999648
68.803000 68.597038 0.461443 1.407246 0.012695 -0.022122 0.009620 0.999628
68.998000 68.814056 0.463824 1.413447 0.012480 -0.022213 0.009912 0.999626
69.196000 68.996628 0.465750 1.428417 0.011869 -0.022269 0.010120 0.999630
69.401000 69.223618 0.472576 1.433949 0.013096 -0.022513 0.010696 0.999604
69.596000 69.386543 0.476593 1.439428 0.013018 -0.022927 0.010828 0.999594
69.795000 69.603569 0.480570 1.453380 0.012987 -0.023005 0.010964 0.999591
69.996000 69.786308 0.485028 1.463557 0.012631 -0.023291 0.011246 0.999586
70.201000 70.012932 0.495805 1.469948 0.014979 -0.023519 0.011538 0.999545
70.399000 70.184311 0.497596 1.495069 0.013857 -0.023695 0.011977 0.999551
70.592000 70.379204 0.502661 1.506086 0.014049 -0.023665 0.012103 0.999548
70.792000 70.563484 0.508223 1.514862 0.014665 -0.023976 0.012369 0.999528
70.996000 70.767464 0.516316 1.528412 0.015470 -0.024062 0.012444 0.999513
71.202000 70.960976 0.521531 1.531787 0.015323 -0.024458 0.012768 0.999502
71.401000 71.189049 0.525890 1.536438 0.015401 -0.024371 0.013451 0.999494
71.600000 71.378296 0.527011 1.559469 0.014106 -0.024537 0.013494 0.999508
71.795000 71.589935 0.532619 1.558090 0.014497 -0.024770 0.013773 0.999493
71.999000 71.792183 0.536614 1.570499 0.013752 -0.024878 0.014297 0.999494
72.194000 72.034340 0.543371 1.582351 0.014199 -0.025021 0.014684 0.999478
72.402000 72.202499 0.547549 1.601917 0.013379 -0.025426 0.014769 0.999478
72.597000 72.404724 0.552275 1.612981 0.012557 -0.025106 0.014891 0.999495
72.793000 72.582657 0.557208 1.621591 0.012361 -0.025104 0.015272 0.999492
72.999000 72.801826 0.565487 1.626510 0.012998 -0.025358 0.015595 0.999472
73.195000 72.990974 0.569551 1.636277 0.012456 -0.025325 0.015811 0.999477
73.402000 73.249168 0.581827 1.636839 0.014729 -0.025057 0.016377 0.999443
73.597000 73.389786 0.585214 1.652659 0.013137 -0.024591 0.016796 0.999470
73.794000 73.599754 0.591849 1.660426 0.013375 -0.024538 0.017071 0.999464
73.999000 73.792839 0.598507 1.662688 0.013151 -0.024443 0.017601 0.999460
74.194000 74.016647 0.604890 1.673739 0.012843 -0.024503 0.017980 0.999456
74.399000 74.237000 0.609121 1.680215 0.011388 -0.023113 0.018030 0.999505
74.594000 74.454216 0.613471 1.681890 0.010077 -0.022717 0.018498 0.999520
74.790000 74.623528 0.620238 1.698406 0.009480 -0.022515 0.019143 0.999518
74.998000 74.844643 0.627214 1.701273 0.008766 -0.022274 0.019252 0.999528
75.194000 75.025002 0.635159 1.711291 0.008849 -0.022177 0.019451 0.999526
75.390000 75.236725 0.638983 1.707133 0.007467 -0.021382 0.019326 0.999557
75.593000 75.434837 0.642367 1.710464 0.006097 -0.020288 0.019363 0.999588
75.797000 75.639053 0.637289 1.684402 -0.000196 -0.017190 0.019333 0.999665
75.995000 75.839706 0.649831 1.685912 0.002046 -0.017882 0.019320 0.999651
76.203000 76.063835 0.656447 1.701469 0.001831 -0.018272 0.019242 0.999646
76.400000 76.250122 0.665068 1.711954 0.001765 -0.018703 0.019221 0.999639
76.596000 76.469307 0.674498 1.727164 0.002877 -0.018809 0.019246 0.999634
76.794000 76.649292 0.682040 1.730885 0.003199 -0.018557 0.019247 0.999637
77.000000 76.853065 0.692810 1.741813 0.004184 -0.018892 0.019282 0.999627
77.196000 77.033844 0.700672 1.751876 0.004202 -0.019018 0.019261 0.999625
77.402000 77.247322 0.708029 1.768631 0.004285 -0.019362 0.019297 0.999617
77.598000 77.448143 0.716910 1.770339 0.004519 -0.019480 0.019302 0.999614
77.792000 77.648270 0.724427 1.776679 0.004836 -0.019675 0.019308 0.999608
77.997000 77.826538 0.733819 1.787511 0.004857 -0.019734 0.019342 0.999606
78.194000 78.036629 0.743487 1.791825 0.006245 -0.019934 0.019321 0.999595
78.399000 78.216431 0.751383 1.806127 0.006314 -0.020186 0.019227 0.999591
78.595000 78.435638 0.760488 1.815963 0.007143 -0.020790 0.019170 0.999575
78.801000 78.633194 0.768341 1.823197 0.007063 -0.020683 0.019113 0.999578
78.996000 78.844826 0.775159 1.832583 0.006812 -0.020962 0.019115 0.999574
79.201000 79.019737 0.784219 1.845504 0.007240 -0.020892 0.019116 0.999573
79.401000 79.233078 0.792577 1.858437 0.007876 -0.021157 0.019131 0.999562
79.596000 79.418800 0.799776 1.872765 0.007594 -0.021603 0.019118 0.999555
79.800000 79.636299 0.806260 1.878900 0.007375 -0.022294 0.019137 0.999541
79.998000 79.824348 0.814593 1.890676 0.008081 -0.022040 0.019125 0.999541
80.194000 80.052925 0.823294 1.896508 0.008399 -0.022194 0.019135 0.999535
80.400000 80.243958 0.833642 1.910578 0.009543 -0.021940 0.019182 0.999530
80.601000 80.445290 0.842102 1.924130 0.010128 -0.022251 0.019172 0.999517
80.800000 80.635658 0.849863 1.938730 0.010200 -0.022459 0.019128 0.999513
80.997000 80.846664 0.858715 1.945306 0.010714 -0.022667 0.019166 0.999502
81.193000 81.030762 0.864803 1.958095 0.010274 -0.022805 0.019131 0.999504
81.400000 81.260056 0.873997 1.976708 0.010468 -0.023264 0.019189 0.999490
81.597000 81.434433 0.879779 1.985303 0.009957 -0.023238 0.019218 0.999496
81.802000 81.642151 0.888362 2.006769 0.010365 -0.023310 0.019219 0.999490
82.000000 81.830742 0.897584 2.018082 0.011019 -0.023615 0.019162 0.999477
82.198000 82.041008 0.901084 2.023940 0.012418 -0.023694 0.010435 0.999588
82.395000 82.228470 0.899428 2.034720 0.011294 -0.023381 0.005294 0.999649
82.592000 82.449364 0.895969 2.040452 0.010063 -0.022649 0.001279 0.999692
82.797000 82.634926 0.894999 2.044303 0.010118 -0.022626 -0.000413 0.999693
83.003000 82.829536 0.893901 2.060725 0.009880 -0.022681 -0.000681 0.999694
83.200000 83.037910 0.894161 2.070306 0.010640 -0.022798 -0.000807 0.999683
83.395000 83.233276 0.894479 2.073853 0.010542 -0.022402 0.000148 0.999693
83.601000 83.439285 0.889826 2.087518 0.008343 -0.022559 0.000717 0.999710
83.799000 83.661049 0.886334 2.088249 0.005935 -0.021706 0.001063 0.999746
83.996000 83.841728 0.887946 2.090199 0.006660 -0.021537 0.001270 0.999745
84.200000 84.047058 0.888060 2.105527 0.006219 -0.021824 0.001601 0.999741
84.394000 84.251617 0.888393 2.114963 0.006526 -0.022151 0.001709 0.999732
84.599000 84.459976 0.890816 2.118662 0.007218 -0.022679 0.002144 0.999714
84.797000 84.661324 0.887335 2.107699 0.005231 -0.021526 0.002433 0.999752
84.995000 84.837296 0.893356 2.113218 0.007495 -0.021715 0.002601 0.999733
85.194000 85.003380 0.894509 2.121769 0.007575 -0.022114 0.003048 0.999722
85.398000 85.175789 0.888246 2.143135 0.009573 -0.022720 -0.012409 0.999619
85.599000 85.418869 0.880581 2.161751 0.012912 -0.024233 -0.023556 0.999345
85.797000 85.630699 0.860208 2.160373 0.009760 -0.021968 -0.028685 0.999299
85.993000 85.839203 0.843338 2.158144 0.008129 -0.020726 -0.032244 0.999232
86.199000 86.021629 0.831504 2.170205 0.008852 -0.021110 -0.033303 0.999183
86.394000 86.204346 0.818204 2.178643 0.008409 -0.020898 -0.033629 0.999180
86.600000 86.434311 0.804967 2.188671 0.009574 -0.020922 -0.033833 0.999163
86.797000 86.644775 0.792475 2.202157 0.009571 -0.020894 -0.033775 0.999165
86.994000 86.847519 0.782093 2.206272 0.011298 -0.021306 -0.033672 0.999142
87.203000 87.030937 0.766667 2.218345 0.010803 -0.021432 -0.033560 0.999148
87.399000 87.233986 0.754586 2.226456 0.011163 -0.021806 -0.033184 0.999149
87.592000 87.420090 0.736587 2.230846 0.008845 -0.021480 -0.033059 0.999183
87.800000 87.643318 0.719115 2.244356 0.007676 -0.021071 -0.032997 0.999204
87.997000 87.837044 0.704913 2.250745 0.007143 -0.021165 -0.032954 0.999207
88.194000 88.040665 0.691705 2.245357 0.006553 -0.020786 -0.033031 0.999217
88.401000 88.260315 0.681535 2.258837 0.007789 -0.021514 -0.033058 0.999191
88.595000 88.460739 0.669851 2.266670 0.008375 -0.021329 -0.033075 0.999190
88.799000 88.665550 0.657028 2.282347 0.008983 -0.021816 -0.033063 0.999175
88.996000 88.849113 0.644053 2.292956 0.009055 -0.022106 -0.033038 0.999169
89.194000 89.058846 0.629123 2.298186 0.008699 -0.021413 -0.033067 0.999186
89.400000 89.253502 0.616070 2.309222 0.008256 -0.021535 -0.033080 0.999187
89.593000 89.439796 0.604268 2.317467 0.009307 -0.021606 -0.033073 0.999176
89.798000 89.641037 0.591808 2.330241 0.009733 -0.021691 -0.033051 0.999171
89.998000 89.831436 0.578125 2.337609 0.009829 -0.021739 -0.033037 0.999169
90.192000 90.020050 0.567234 2.342593 0.010638 -0.021816 -0.033006 0.999160
90.396000 90.226830 0.556208 2.357672 0.012115 -0.022189 -0.032968 0.999137
90.594000 90.425964 0.540544 2.368484 0.010818 -0.021967 -0.033015 0.999155
90.798000 90.639282 0.524815 2.375603 0.009813 -0.022081 -0.033051 0.999162
90.994000 90.816811 0.512362 2.387107 0.010130 -0.021868 -0.033074 0.999162
91.200000 91.031166 0.496574 2.392715 0.009280 -0.021776 -0.033095 0.999172
91.396000 91.209785 0.486068 2.394454 0.010157 -0.021898 -0.033060 0.999162
91.600000 91.444077 0.471113 2.404280 0.009497 -0.021696 -0.033104 0.999171
91.795000 91.630646 0.457743 2.413194 0.009265 -0.021596 -0.033091 0.999176
91.994000 91.825752 0.445498 2.426198 0.009903 -0.022028 -0.033175 0.999158
92.199000 92.025414 0.434310 2.444891 0.010786 -0.022604 -0.033122 0.999137
92.396000 92.226624 0.419656 2.445904 0.010389 -0.022457 -0.033305 0.999139
92.601000 92.431976 0.405133 2.454346 0.010083 -0.022035 -0.033305 0.999151
92.799000 92.647484 0.391568 2.458601 0.010066 -0.021885 -0.033338 0.999154
92.995000 92.828072 0.379432 2.465992 0.010241 -0.021449 -0.033308 0.999162
93.203000 93.036491 0.364978 2.478024 0.009983 -0.021267 -0.033319 0.999169
93.401000 93.239128 0.350967 2.483931 0.009672 -0.021089 -0.033355 0.999174
93.593000 93.440987 0.335183 2.497763 0.008640 -0.021210 -0.033464 0.999177
93.804000 93.648140 0.324250 2.503730 0.009841 -0.021096 -0.033496 0.999168
93.997000 93.829819 0.311400 2.504498 0.010253 -0.021122 -0.033675 0.999157
94.196000 94.014145 0.298662 2.521082 0.010474 -0.021305 -0.033691 0.999150
94.392000 94.222473 0.286187 2.530032 0.010362 -0.021450 -0.033693 0.999148
94.599000 94.419945 0.273132 2.534649 0.010782 -0.021391 -0.033702 0.999145
94.796000 94.631371 0.259919 2.534219 0.011421 -0.021243 -0.033738 0.999140
94.999000 94.823288 0.244353 2.545323 0.010005 -0.021045 -0.032452 0.999202
95.194000 95.015114 0.230133 2.556962 0.009821 -0.021223 -0.032367 0.999202
95.401000 95.197830 0.218727 2.569203 0.009926 -0.021543 -0.031842 0.999211
95.598000 95.405975 0.208174 2.580696 0.011725 -0.021971 -0.031468 0.999194
95.797000 95.612930 0.196013 2.589033 0.011592 -0.021639 -0.031118 0.999214
95.993000 95.838493 0.181293 2.595429 0.011021 -0.021250 -0.030925 0.999235
96.198000 96.033073 0.172884 2.605452 0.010122 -0.021069 -0.024635 0.999423
96.395000 96.238525 0.166368 2.613706 0.010118 -0.021008 -0.022332 0.999479
96.596000 96.442024 0.158737 2.623970 0.010692 -0.020975 -0.021441 0.999493
96.801000 96.642006 0.151859 2.630723 0.011766 -0.021267 -0.021026 0.999483
97.001000 96.844666 0.142842 2.635908 0.011113 -0.021191 -0.020851 0.999496
97.196000 97.031471 0.131373 2.645102 0.010031 -0.021177 -0.020810 0.999509
97.393000 97.222061 0.124206 2.654935 0.010516 -0.021232 -0.020770 0.999503
97.598000 97.432846 0.115664 2.665237 0.010587 -0.021569 -0.020735 0.999496
97.791000 97.612930 0.105921 2.669087 0.010078 -0.021494 -0.020761 0.999503
97.997000 97.836502 0.096043 2.676207 0.009967 -0.021510 -0.020741 0.999504
98.193000 98.027893 0.088519 2.683422 0.009722 -0.021495 -0.020721 0.999507
98.399000 98.218323 0.080451 2.693882 0.009822 -0.021173 -0.020740 0.999512
98.597000 98.406837 0.074583 2.704866 0.010618 -0.021251 -0.020737 0.999503
98.794000 98.611397 0.066144 2.716836 0.010526 -0.021472 -0.020718 0.999499
99.006000 98.832596 0.057309 2.726409 0.010922 -0.021589 -0.020748 0.999492
99.191000 99.017967 0.047535 2.728593 0.010195 -0.021740 -0.020751 0.999496
99.398000 99.252014 0.042570 2.741369 0.010976 -0.021562 -0.020708 0.999493
99.593000 99.420189 0.032110 2.750720 0.009950 -0.021474 -0.020703 0.999505
99.797000 99.609825 0.022240 2.761846 0.009552 -0.021656 -0.020775 0.999504
99.991000 99.810127 0.015509 2.769595 0.009921 -0.021801 -0.019769 0.999518
100.197000 100.018982 0.005378 2.781037 0.009287 -0.021823 -0.019019 0.999538
100.396000 100.226410 0.003406 2.785057 0.010651 -0.022207 -0.015928 0.999570
100.601000 100.431831 -0.001432 2.795577 0.011292 -0.022438 -0.014178 0.999584
100.797000 100.611847 -0.005592 2.806209 0.010543 -0.022247 -0.011401 0.999632
101.001000 100.799904 -0.008782 2.816643 0.010511 -0.022398 -0.008779 0.999655
101.196000 101.004433 -0.010761 2.827848 0.010243 -0.022524 -0.006891 0.999670
101.402000 101.217628 -0.013888 2.841689 0.009368 -0.022865 -0.004773 0.999683
101.601000 101.420059 -0.013050 2.844728 0.009331 -0.022883 -0.001450 0.999694
101.797000 101.636810 -0.013433 2.852680 0.009376 -0.022937 0.000718 0.999693
101.997000 101.814659 -0.012727 2.863372 0.008218 -0.022963 0.002074 0.999700
102.204000 102.026665 -0.010096 2.870554 0.008640 -0.023038 0.004444 0.999687
102.400000 102.202156 -0.005006 2.880371 0.009020 -0.023222 0.006269 0.999670
102.598000 102.436325 -0.000817 2.890281 0.009537 -0.023206 0.007583 0.999656
102.794000 102.616188 0.004137 2.896930 0.009688 -0.023244 0.009215 0.999640
103.002000 102.850777 0.009374 2.906771 0.010752 -0.023121 0.011204 0.999612
103.200000 103.012428 0.011956 2.918721 0.009306 -0.022942 0.011962 0.999622
103.397000 103.217697 0.017863 2.925756 0.009447 -0.022834 0.014394 0.999591
103.594000 103.411896 0.026019 2.936115 0.009209 -0.022848 0.017172 0.999549
103.799000 103.625984 0.034816 2.942492 0.009350 -0.022782 0.019546 0.999506
103.997000 103.825577 0.047073 2.948339 0.010798 -0.022855 0.021745 0.999444
104.193000 104.016609 0.056893 2.959205 0.010807 -0.022709 0.023502 0.999407
104.395000 104.210747 0.065705 2.971347 0.009465 -0.022329 0.025885 0.999371
104.590000 104.402519 0.078325 2.976496 0.009763 -0.022237 0.028632 0.999295
104.794000 104.615700 0.091734 2.991207 0.009557 -0.022235 0.031569 0.999209
105.004000 104.818871 0.105385 3.001153 0.009259 -0.022241 0.034347 0.999120
105.200000 105.028259 0.123109 3.007818 0.009489 -0.022361 0.037686 0.998994
105.393000 105.196388 0.139809 3.016111 0.009417 -0.022371 0.040087 0.998901
105.597000 105.405624 0.156154 3.026752 0.008572 -0.022471 0.042525 0.998806
105.791000 105.592644 0.174063 3.036972 0.008450 -0.022692 0.044027 0.998737
105.996000 105.796585 0.193945 3.052295 0.008837 -0.022712 0.047513 0.998573
106.202000 105.999168 0.213169 3.057976 0.008531 -0.022766 0.047621 0.998570
106.396000 106.208000 0.231676 3.062140 0.008490 -0.022690 0.047447 0.998580
106.597000 106.401222 0.252883 3.070215 0.008422 -0.022599 0.048808 0.998517
106.792000 106.613548 0.270133 3.082199 0.007189 -0.022640 0.050882 0.998422
106.999000 106.802567 0.292972 3.093734 0.007179 -0.022794 0.052806 0.998319
107.194000 107.015541 0.313331 3.100201 0.006381 -0.022816 0.055551 0.998175
107.400000 107.212517 0.339672 3.108982 0.007281 -0.022747 0.057504 0.998060
107.596000 107.411324 0.363497 3.112376 0.006911 -0.022563 0.059057 0.997976
107.803000 107.611885 0.389472 3.127197 0.006468 -0.022865 0.062049 0.997790
108.000000 107.815826 0.414409 3.135310 0.006643 -0.023272 0.062686 0.997740
108.194000 107.994667 0.440427 3.146837 0.006266 -0.023245 0.065498 0.997562
108.398000 108.206856 0.469351 3.149970 0.006582 -0.023443 0.067956 0.997391
108.601000 108.415825 0.492237 3.165745 0.006680 -0.023143 0.061834 0.997796
108.796000 108.611420 0.510875 3.173559 0.005656 -0.023190 0.058349 0.998011
109.001000 108.806274 0.533127 3.178480 0.005563 -0.023129 0.055828 0.998157
109.195000 109.005745 0.554832 3.189929 0.006104 -0.023106 0.055843 0.998153
109.400000 109.212456 0.576464 3.195604 0.005072 -0.022898 0.056127 0.998148
109.597000 109.401062 0.599034 3.204361 0.005352 -0.022712 0.056032 0.998156
109.803000 109.602837 0.623373 3.214320 0.005726 -0.022609 0.056147 0.998150
110.001000 109.806686 0.643378 3.227607 0.004909 -0.022679 0.056487 0.998134
110.193000 109.990440 0.668900 3.236526 0.006227 -0.022704 0.057004 0.998096
110.399000 110.212982 0.686724 3.244427 0.005916 -0.022539 0.051870 0.998382
110.595000 110.390556 0.704214 3.252852 0.005357 -0.022230 0.050516 0.998461
110.794000 110.603745 0.723283 3.263946 0.005792 -0.022159 0.048720 0.998550
110.999000 110.790207 0.742762 3.274792 0.006149 -0.022242 0.048557 0.998554
111.194000 110.981712 0.763971 3.280234 0.006952 -0.022558 0.048602 0.998539
111.399000 111.180580 0.783897 3.289947 0.006530 -0.022266 0.049412 0.998509
111.593000 111.402985 0.801492 3.300213 0.007636 -0.022365 0.044778 0.998717
111.798000 111.592323 0.816356 3.308512 0.007508 -0.022159 0.040164 0.998919
111.993000 111.773041 0.816100 3.318855 0.006705 -0.021649 0.020975 0.999523
112.196000 111.974289 0.812069 3.329935 0.006413 -0.021498 0.006671 0.999726
112.400000 112.190018 0.806093 3.338379 0.006151 -0.021594 -0.005756 0.999731
112.592000 112.369492 0.795453 3.342970 0.006381 -0.021443 -0.014589 0.999643
112.800000 112.584442 0.787737 3.351667 0.007253 -0.021312 -0.018454 0.999576
112.995000 112.769890 0.777027 3.361307 0.006749 -0.021243 -0.021904 0.999512
113.192000 112.951424 0.766996 3.368535 0.006137 -0.021090 -0.022738 0.999500
113.399000 113.165436 0.756237 3.374515 0.006021 -0.021070 -0.023115 0.999493
113.598000 113.347939 0.745766 3.380489 0.005332 -0.020870 -0.023045 0.999502
113.793000 113.559868 0.736746 3.393040 0.005545 -0.020858 -0.023077 0.999501
114.002000 113.769737 0.729400 3.401710 0.006479 -0.020627 -0.022975 0.999502
114.197000 113.966797 0.721285 3.408582 0.006701 -0.020235 -0.023093 0.999506
114.392000 114.152870 0.712869 3.414999 0.006677 -0.020122 -0.023091 0.999509
114.599000 114.358421 0.704728 3.427955 0.006995 -0.020317 -0.023133 0.999501
114.793000 114.529060 0.698169 3.433968 0.007095 -0.020717 -0.020616 0.999548
115.002000 114.734688 0.690632 3.443763 0.006520 -0.020718 -0.018574 0.999592
115.197000 114.931236 0.686957 3.448830 0.007102 -0.020569 -0.015828 0.999638
115.399000 115.122856 0.680698 3.461054 0.006532 -0.020666 -0.013990 0.999667
115.595000 115.323380 0.678273 3.468345 0.007230 -0.020594 -0.010866 0.999703
115.804000 115.516891 0.675111 3.480256 0.007357 -0.020807 -0.009014 0.999716
116.002000 115.738220 0.678600 3.490091 0.009623 -0.021366 -0.006669 0.999703
116.202000 115.915291 0.675537 3.499265 0.008677 -0.021186 -0.004013 0.999730
116.392000 116.128944 0.675259 3.503802 0.008393 -0.021110 -0.002381 0.999739
116.601000 116.318550 0.673360 3.515295 0.007699 -0.021080 0.000040 0.999748
116.797000 116.527771 0.676824 3.524144 0.008118 -0.021428 0.002326 0.999735
116.995000 116.700554 0.676967 3.535872 0.007451 -0.021444 0.004550 0.999732
117.198000 116.932495 0.682554 3.545619 0.008289 -0.021892 0.007489 0.999698
117.394000 117.113953 0.686695 3.554142 0.008106 -0.021831 0.010091 0.999678
117.599000 117.329971 0.691696 3.565622 0.007454 -0.021894 0.013198 0.999645
117.795000 117.507523 0.700731 3.571513 0.007851 -0.021698 0.016432 0.999599
117.998000 117.717216 0.708343 3.585582 0.007849 -0.021817 0.018259 0.999564
118.191000 117.921997 0.718830 3.596318 0.008779 -0.022640 0.020335 0.999498
118.394000 118.108948 0.728604 3.600348 0.008257 -0.022322 0.024222 0.999423
118.599000 118.324875 0.738340 3.608170 0.007916 -0.022242 0.025964 0.999384
118.798000 118.512161 0.750037 3.617599 0.007628 -0.022022 0.028534 0.999321
118.994000 118.700729 0.765695 3.623412 0.007842 -0.021926 0.032304 0.999207
119.201000 118.887428 0.782305 3.635828 0.007951 -0.021457 0.035477 0.999108
119.395000 119.080246 0.792825 3.644470 0.006821 -0.021975 0.036965 0.999052
119.602000 119.246750 0.810286 3.659162 0.007403 -0.021887 0.039143 0.998966
119.799000 119.461960 0.829558 3.659482 0.007943 -0.021744 0.043015 0.998806
119.995000 119.658691 0.847297 3.665562 0.006841 -0.021749 0.044786 0.998736
120.202000 119.879608 0.869872 3.675545 0.007505 -0.021711 0.046680 0.998646
120.397000 120.064072 0.890293 3.686948 0.007303 -0.021772 0.049378 0.998516
120.599000 120.277283 0.912512 3.700350 0.007532 -0.022225 0.052012 0.998371
120.794000 120.474548 0.936952 3.705235 0.008757 -0.021948 0.054384 0.998240
120.999000 120.665581 0.959370 3.712288 0.008076 -0.021969 0.056632 0.998121
121.195000 120.856003 0.982051 3.719653 0.007407 -0.022106 0.058417 0.998020
121.400000 121.067596 1.007652 3.730502 0.007690 -0.022122 0.060468 0.997895
121.600000 121.269241 1.033601 3.741730 0.007739 -0.022432 0.063673 0.997689
121.799000 121.446129 1.061811 3.750544 0.008070 -0.022564 0.066194 0.997519
121.994000 121.658875 1.088228 3.760619 0.008236 -0.023084 0.067527 0.997416
122.200000 121.852501 1.109838 3.768076 0.008172 -0.022332 0.058702 0.997992
122.393000 122.039932 1.126632 3.776750 0.007766 -0.022195 0.052429 0.998348
122.599000 122.272293 1.130742 3.787396 0.008985 -0.022269 0.028656 0.999301
122.791000 122.439705 1.135675 3.798281 0.009802 -0.022168 0.018557 0.999534
122.996000 122.640610 1.138594 3.803785 0.009289 -0.022132 0.013520 0.999620
123.200000 122.866081 1.138210 3.811182 0.007617 -0.022035 0.010518 0.999673
123.392000 123.049393 1.136390 3.820396 0.007064 -0.022042 0.005500 0.999717
123.597000 123.245804 1.135858 3.829553 0.008300 -0.021766 -0.001889 0.999727
123.791000 123.443985 1.134071 3.836604 0.008976 -0.021645 -0.005263 0.999712
124.002000 123.645157 1.127689 3.851071 0.008776 -0.021740 -0.007458 0.999697
124.198000 123.849602 1.120297 3.859442 0.009457 -0.021801 -0.015292 0.999601
124.395000 124.030861 1.110820 3.865998 0.009362 -0.021678 -0.019500 0.999531
124.600000 124.228874 1.102040 3.872643 0.009715 -0.021549 -0.021852 0.999482
124.795000 124.414421 1.093844 3.878640 0.010005 -0.021483 -0.022278 0.999471
125.000000 124.628563 1.084663 3.889477 0.009949 -0.021491 -0.022481 0.999467
125.191000 124.822777 1.075978 3.902895 0.009863 -0.021645 -0.021867 0.999478
125.397000 125.038971 1.068738 3.910252 0.010627 -0.021626 -0.021574 0.999477
125.600000 125.230156 1.059535 3.920097 0.010147 -0.021350 -0.021550 0.999488
125.796000 125.425720 1.050164 3.926071 0.010217 -0.021516 -0.021591 0.999483
126.000000 125.620316 1.039498 3.935089 0.009752 -0.021515 -0.021567 0.999488
126.198000 125.814224 1.030035 3.943243 0.009734 -0.021621 -0.021430 0.999489
126.393000 126.000816 1.025509 3.952925 0.011574 -0.021518 -0.021183 0.999477
126.603000 126.227486 1.015242 3.963594 0.011423 -0.021792 -0.020671 0.999484
126.800000 126.404739 1.007555 3.973595 0.010778 -0.021509 -0.020512 0.999500
126.995000 126.614105 0.999880 3.984099 0.011073 -0.021708 -0.020246 0.999498
127.193000 126.802582 0.990258 3.995061 0.010654 -0.021721 -0.020105 0.999505
127.399000 127.031380 0.984425 4.000918 0.011987 -0.021796 -0.019905 0.999492
127.598000 127.209702 0.976230 4.009319 0.011742 -0.021672 -0.019471 0.999507
127.794000 127.417969 0.968991 4.016748 0.012458 -0.021677 -0.019077 0.999505
127.999000 127.610474 0.960110 4.023873 0.011444 -0.021686 -0.018720 0.999524
128.193000 127.813210 0.952617 4.031496 0.011262 -0.021708 -0.018211 0.999535
128.398000 128.007889 0.944379 4.043929 0.010996 -0.021776 -0.018130 0.999538
128.597000 128.221771 0.936905 4.053017 0.010872 -0.022064 -0.018060 0.999534
128.796000 128.405823 0.930489 4.061123 0.011644 -0.022005 -0.018030 0.999527
128.998000 128.630554 0.925927 4.067933 0.012447 -0.022150 -0.017920 0.999517
129.200000 128.813248 0.915392 4.077682 0.011325 -0.021906 -0.017711 0.999539
129.396000 129.016891 0.909503 4.083314 0.011502 -0.021954 -0.017416 0.999541
129.594000 129.204681 0.901571 4.094573 0.011310 -0.022122 -0.017290 0.999542
129.799000 129.426392 0.896518 4.103168 0.012168 -0.022110 -0.016633 0.999543
129.992000 129.607330 0.891477 4.118638 0.012551 -0.022252 -0.016548 0.999537
130.196000 129.829071 0.883000 4.118546 0.011610 -0.022079 -0.016465 0.999553
130.394000 130.007156 0.873729 4.129459 0.010692 -0.022000 -0.016327 0.999567
130.600000 130.223938 0.867748 4.138999 0.010762 -0.022098 -0.016185 0.999567
130.796000 130.408081 0.862005 4.150305 0.011242 -0.022155 -0.016030 0.999563
131.001000 130.627548 0.857775 4.157487 0.012209 -0.022306 -0.015561 0.999556
131.195000 130.806274 0.850286 4.170712 0.011841 -0.022382 -0.015454 0.999560
131.393000 131.012833 0.843737 4.174494 0.010858 -0.022437 -0.015289 0.999572
131.597000 131.200256 0.833895 4.184157 0.009834 -0.022475 -0.015150 0.999584
131.802000 131.413681 0.823974 4.193310 0.010355 -0.022562 -0.021263 0.999466
131.995000 131.606888 0.804479 4.203151 0.011211 -0.022380 -0.038683 0.998938
132.195000 131.785660 0.783893 4.208569 0.012046 -0.022389 -0.046453 0.998597
132.400000 132.008286 0.760172 4.214808 0.011145 -0.022459 -0.050329 0.998418
132.593000 132.205048 0.739885 4.223895 0.011757 -0.022256 -0.052525 0.998302
132.797000 132.408951 0.717738 4.234656 0.012110 -0.022120 -0.054206 0.998211
132.996000 132.601593 0.699832 4.243184 0.012508 -0.022205 -0.050039 0.998422
133.202000 132.817825 0.684649 4.257888 0.012382 -0.022557 -0.042361 0.998771
133.398000 133.007446 0.672100 4.262415 0.013593 -0.022622 -0.039543 0.998869
133.591000 133.216400 0.657488 4.271271 0.013720 -0.022757 -0.038708 0.998897
133.793000 133.396133 0.639467 4.282124 0.012061 -0.022640 -0.038388 0.998934
133.996000 133.597000 0.622759 4.293108 0.011537 -0.022627 -0.038171 0.998948
134.192000 133.786285 0.608092 4.304664 0.011551 -0.022780 -0.038118 0.998947
134.399000 133.996811 0.595101 4.315207 0.012594 -0.022781 -0.038072 0.998936
134.592000 134.169312 0.580681 4.317732 0.012882 -0.022884 -0.038096 0.998929
134.798000 134.377243 0.565605 4.328617 0.013168 -0.022703 -0.038061 0.998931
134.995000 134.581238 0.547776 4.338546 0.012177 -0.022574 -0.038086 0.998945
135.194000 134.783737 0.532218 4.349903 0.012067 -0.022707 -0.038049 0.998945
135.402000 134.984833 0.515012 4.361686 0.011679 -0.022772 -0.038082 0.998947
135.598000 135.200287 0.500778 4.368511 0.012397 -0.023138 -0.038044 0.998931
135.793000 135.405807 0.483115 4.373684 0.011477 -0.023166 -0.038572 0.998921
135.999000 135.607117 0.467989 4.383162 0.011461 -0.022925 -0.038893 0.998915
136.194000 135.794220 0.451298 4.384593 0.011110 -0.023194 -0.038889 0.998913
136.398000 136.012329 0.436651 4.404950 0.012212 -0.022787 -0.038594 0.998920
136.596000 136.186188 0.422328 4.410273 0.012235 -0.022964 -0.038287 0.998928
136.794000 136.395508 0.407071 4.418365 0.012557 -0.023071 -0.038113 0.998928
136.998000 136.602966 0.393574 4.429463 0.013217 -0.022814 -0.037687 0.998942
137.193000 136.785706 0.376921 4.438869 0.012069 -0.022789 -0.037712 0.998956
137.401000 136.973404 0.360657 4.446646 0.011968 -0.022748 -0.037645 0.998961
137.597000 137.179428 0.345264 4.453282 0.011697 -0.022768 -0.037563 0.998966
137.792000 137.363663 0.329871 4.463308 0.011294 -0.022734 -0.037577 0.998971
137.998000 137.583618 0.315008 4.471634 0.011426 -0.022688 -0.037358 0.998979
138.196000 137.768906 0.307934 4.475509 0.011480 -0.022939 -0.026510 0.999319
138.396000 137.963089 0.300771 4.488590 0.011249 -0.022596 -0.021599 0.999448
138.595000 138.150894 0.293958 4.496456 0.011169 -0.022616 -0.019697 0.999488
138.801000 138.352371 0.284747 4.510360 0.010630 -0.022701 -0.018893 0.999507
138.998000 138.565948 0.279416 4.517472 0.011618 -0.022833 -0.018531 0.999500
139.197000 138.758087 0.272715 4.528048 0.012031 -0.022904 -0.018412 0.999496
139.392000 138.959427 0.268279 4.530681 0.012743 -0.022802 -0.018291 0.999491
139.599000 139.164154 0.257246 4.544289 0.011681 -0.022613 -0.018281 0.999509
139.797000 139.401184 0.250049 4.554862 0.011941 -0.022907 -0.018191 0.999501
139.991000 139.567200 0.241499 4.559549 0.011381 -0.022863 -0.018229 0.999508
140.196000 139.809937 0.235286 4.570442 0.012015 -0.022837 -0.018187 0.999502
140.395000 139.976807 0.228004 4.579590 0.011917 -0.022657 -0.018206 0.999506
140.602000 140.196198 0.221567 4.595554 0.012360 -0.022538 -0.018215 0.999504
140.801000 140.361755 0.213757 4.602892 0.012180 -0.022608 -0.018326 0.999502
140.999000 140.583618 0.207724 4.613056 0.012817 -0.022782 -0.018294 0.999491
141.194000 140.760376 0.200614 4.620677 0.012777 -0.022869 -0.018464 0.999486
141.399000 140.995712 0.194815 4.626954 0.013619 -0.022882 -0.018425 0.999476
141.595000 141.161819 0.184922 4.640355 0.012451 -0.022784 -0.018509 0.999492
141.801000 141.376724 0.178118 4.646992 0.012939 -0.022963 -0.018521 0.999481
141.996000 141.553665 0.168619 4.656330 0.012174 -0.023030 -0.018434 0.999491
142.192000 141.774796 0.164174 4.670423 0.013178 -0.023254 -0.017575 0.999488
142.398000 141.959793 0.155326 4.677337 0.012870 -0.023279 -0.017161 0.999499
142.593000 142.182846 0.150489 4.686201 0.013739 -0.023563 -0.016893 0.999485
142.802000 142.370941 0.140242 4.699626 0.012020 -0.023422 -0.016600 0.999516
143.002000 142.604889 0.134635 4.710851 0.012180 -0.023655 -0.015965 0.999518
143.197000 142.768646 0.127367 4.720652 0.011949 -0.023627 -0.015686 0.999526
143.395000 142.999298 0.123660 4.728944 0.012898 -0.024115 -0.014935 0.999514
143.591000 143.185211 0.115577 4.734947 0.012611 -0.024097 -0.014930 0.999519
143.796000 143.411819 0.111060 4.749763 0.012667 -0.023926 -0.014369 0.999530
143.994000 143.581345 0.104802 4.759021 0.012617 -0.023827 -0.014063 0.999538
144.197000 143.814316 0.098155 4.773739 0.012430 -0.024083 -0.013748 0.999538
144.399000 143.991898 0.095169 4.781251 0.013465 -0.024322 -0.013249 0.999526
144.595000 144.210373 0.092352 4.790303 0.014715 -0.024438 -0.012763 0.999512
144.797000 144.388840 0.085913 4.800998 0.013903 -0.024428 -0.012688 0.999524
144.992000 144.612045 0.079139 4.814084 0.013329 -0.024592 -0.012469 0.999531
145.199000 144.800354 0.074917 4.825195 0.013578 -0.024809 -0.012101 0.999527
145.395000 145.023178 0.071823 4.832876 0.014419 -0.025066 -0.011888 0.999511
145.597000 145.210800 0.066072 4.843218 0.014099 -0.025062 -0.011709 0.999518
145.796000 145.413864 0.061483 4.853271 0.014033 -0.024990 -0.011546 0.999523
145.996000 145.580276 0.056575 4.863650 0.013924 -0.025040 -0.011216 0.999527
146.203000 145.825836 0.051097 4.881778 0.013665 -0.025159 -0.010832 0.999531
146.397000 145.997345 0.049928 4.888959 0.014903 -0.025360 -0.010834 0.999509
146.601000 146.234360 0.047503 4.897316 0.016028 -0.025515 -0.010400 0.999492
146.800000 146.401779 0.039875 4.913354 0.014593 -0.025395 -0.010269 0.999518
146.997000 146.612274 0.037900 4.920586 0.015697 -0.025471 -0.010036 0.999502
147.194000 146.780624 0.029268 4.932683 0.013645 -0.024523 -0.010087 0.999555
147.398000 147.009079 0.024283 4.944171 0.013420 -0.024735 -0.009913 0.999555
147.594000 147.185043 0.023046 4.946227 0.014247 -0.024489 -0.009717 0.999551
147.799000 147.427551 0.016376 4.953771 0.013169 -0.024679 -0.009542 0.999563
147.994000 147.596954 0.010867 4.969600 0.012446 -0.024713 -0.009536 0.999572
148.194000 147.812454 0.007461 4.976666 0.012827 -0.024966 -0.009124 0.999564
148.392000 148.006973 0.005825 4.987202 0.013885 -0.024974 -0.008877 0.999552
148.600000 148.235077 0.002320 5.000465 0.014303 -0.025257 -0.008615 0.999542
148.796000 148.425430 -0.002983 5.008686 0.013411 -0.025111 -0.008415 0.999559
149.001000 148.646149 -0.004762 5.015493 0.014124 -0.025190 -0.008159 0.999550
149.195000 148.816559 -0.007363 5.030704 0.014342 -0.024975 -0.007946 0.999554
149.397000 149.018280 -0.010102 5.041759 0.014626 -0.024956 -0.007844 0.999551
149.594000 149.198425 -0.013621 5.050582 0.014491 -0.024979 -0.007531 0.999555
149.799000 149.416397 -0.016042 5.060736 0.014881 -0.025095 -0.007249 0.999548
149.995000 149.626984 -0.019702 5.067700 0.014843 -0.025032 -0.006775 0.999554
150.198000 149.833817 -0.021240 5.077087 0.015614 -0.024752 -0.006270 0.999552
150.395000 150.017853 -0.023778 5.093481 0.014825 -0.024602 -0.005873 0.999570
150.600000 150.219070 -0.025682 5.100599 0.015178 -0.024601 -0.005857 0.999565
150.798000 150.427444 -0.027354 5.111397 0.015451 -0.024721 -0.005685 0.999559
150.993000 150.628769 -0.029644 5.123688 0.015621 -0.024914 -0.005603 0.999552
151.199000 150.840836 -0.031285 5.132493 0.016172 -0.025084 -0.005534 0.999539
151.398000 151.023254 -0.036685 5.147212 0.014786 -0.025201 -0.005436 0.999558
151.596000 151.219299 -0.039268 5.160460 0.014875 -0.025363 -0.005101 0.999555
151.794000 151.425735 -0.042057 5.170217 0.014516 -0.025167 -0.004803 0.999566
151.991000 151.626862 -0.041147 5.179158 0.015589 -0.025539 -0.004632 0.999542
152.197000 151.839615 -0.043026 5.182267 0.016009 -0.025469 -0.004317 0.999538
152.400000 152.033249 -0.046207 5.196356 0.015089 -0.025412 -0.003762 0.999556
152.595000 152.222000 -0.048950 5.206191 0.014837 -0.025451 -0.003470 0.999560
152.792000 152.432495 -0.048144 5.211871 0.015723 -0.025553 -0.003312 0.999544
152.999000 152.635941 -0.049849 5.223913 0.015567 -0.025653 -0.002663 0.999546
153.196000 152.847061 -0.049045 5.231423 0.016273 -0.025864 -0.002136 0.999531
153.400000 153.024551 -0.050267 5.246365 0.015766 -0.025813 -0.001813 0.999541
153.595000 153.214127 -0.050453 5.258407 0.016229 -0.025848 -0.001575 0.999533
153.798000 153.418045 -0.050200 5.272298 0.016847 -0.026077 -0.001175 0.999517
153.992000 153.618317 -0.049517 5.279348 0.017154 -0.026134 -0.000724 0.999511
154.196000 153.825317 -0.052983 5.289752 0.015459 -0.026015 -0.000488 0.999542
154.394000 154.031845 -0.052172 5.295957 0.015338 -0.025942 -0.000299 0.999546
154.597000 154.221222 -0.053300 5.310217 0.015594 -0.025792 0.000118 0.999546
154.792000 154.413162 -0.053908 5.320518 0.015302 -0.025902 0.000411 0.999547
154.993000 154.617493 -0.054817 5.336544 0.015069 -0.025997 0.000472 0.999548
155.200000 154.847000 -0.055264 5.350174 0.015001 -0.026110 0.000787 0.999546
155.394000 155.031265 -0.055926 5.354097 0.015044 -0.026340 0.001226 0.999539
155.598000 155.238281 -0.054956 5.366241 0.014879 -0.026266 0.001743 0.999543
155.795000 155.426590 -0.052979 5.376921 0.015270 -0.026092 0.001912 0.999541
155.999000 155.640747 -0.051471 5.389539 0.016062 -0.026459 0.002462 0.999518
156.197000 155.834061 -0.051245 5.401647 0.015372 -0.026609 0.002761 0.999524
156.392000 156.047211 -0.050596 5.406570 0.016155 -0.026569 0.002984 0.999512
156.592000 156.227692 -0.049340 5.418023 0.015684 -0.026366 0.003398 0.999524
156.801000 156.460114 -0.048729 5.432036 0.015015 -0.026313 0.003794 0.999534
156.996000 156.639038 -0.046755 5.442927 0.015465 -0.026429 0.003957 0.999523
157.192000 156.832794 -0.044258 5.455820 0.016456 -0.026549 0.004101 0.999504
157.397000 157.031815 -0.041711 5.471980 0.017339 -0.026776 0.004251 0.999482
157.601000 157.258240 -0.039107 5.475043 0.016958 -0.026518 0.004611 0.999494
157.795000 157.426819 -0.038929 5.490294 0.016423 -0.026412 0.004680 0.999505
157.996000 157.622192 -0.037155 5.505576 0.016529 -0.026476 0.005099 0.999500
158.193000 157.814819 -0.031286 5.517337 0.018298 -0.026593 0.005293 0.999465
158.397000 158.023880 -0.026486 5.529478 0.019726 -0.026868 0.005538 0.999429
158.592000 158.226196 -0.024043 5.537245 0.019728 -0.026810 0.005948 0.999428
158.796000 158.446777 -0.022511 5.551868 0.019476 -0.026557 0.006166 0.999439
158.997000 158.641953 -0.021295 5.560627 0.019017 -0.026430 0.006619 0.999448
159.200000 158.850006 -0.016628 5.570260 0.019892 -0.026648 0.007316 0.999420
159.393000 159.035126 -0.013558 5.572695 0.020203 -0.026605 0.007311 0.999415
159.599000 159.256088 -0.011405 5.581992 0.019548 -0.026780 0.007581 0.999421
159.794000 159.443558 -0.007808 5.590983 0.019662 -0.026542 0.007863 0.999423
160.000000 159.669312 -0.003667 5.601765 0.019120 -0.026252 0.008006 0.999440
160.196000 159.848038 -0.003721 5.617294 0.018513 -0.026044 0.008134 0.999456
160.399000 160.056030 0.001626 5.627969 0.019589 -0.026264 0.008673 0.999425
160.595000 160.244858 0.007148 5.635742 0.020607 -0.026181 0.008825 0.999406
160.799000 160.461258 0.009790 5.646100 0.020407 -0.026562 0.009173 0.999397
160.994000 160.649109 0.009266 5.656274 0.018440 -0.025997 0.009471 0.999447
161.200000 160.865387 0.017293 5.667126 0.019818 -0.026166 0.009883 0.999412
161.396000 161.044662 0.015869 5.681208 0.017882 -0.025857 0.009875 0.999457
161.595000 161.249969 0.019333 5.691742 0.017738 -0.025881 0.010250 0.999455
161.796000 161.444809 0.022554 5.701593 0.016901 -0.026011 0.010679 0.999462
161.998000 161.655060 0.026048 5.710870 0.016891 -0.025944 0.010678 0.999464
162.194000 161.842178 0.029327 5.719427 0.016831 -0.025785 0.010884 0.999467
162.400000 162.056580 0.033382 5.730752 0.016241 -0.025811 0.011067 0.999474
162.595000 162.245789 0.037638 5.740019 0.015390 -0.025322 0.011431 0.999496
162.797000 162.458374 0.041772 5.749296 0.015053 -0.025307 0.011700 0.999498
163.001000 162.653030 0.046252 5.761324 0.015004 -0.025320 0.012277 0.999491
163.199000 162.862305 0.050551 5.773494 0.014766 -0.025382 0.012568 0.999490
163.397000 163.053879 0.053668 5.782192 0.014126 -0.025470 0.012984 0.999491
163.593000 163.264343 0.062740 5.791503 0.015081 -0.025525 0.013314 0.999472
163.802000 163.451706 0.066955 5.801566 0.014871 -0.025825 0.013574 0.999464
164.000000 163.661942 0.069659 5.813076 0.013642 -0.025379 0.014005 0.999487
164.193000 163.845047 0.074060 5.822649 0.013244 -0.025476 0.014467 0.999483
164.400000 164.069504 0.079931 5.836911 0.013117 -0.025831 0.015004 0.999468
164.599000 164.255096 0.084059 5.847731 0.013447 -0.025761 0.015298 0.999461
164.792000 164.465057 0.090020 5.860304 0.012802 -0.025503 0.015664 0.999470
165.000000 164.659729 0.096427 5.872366 0.013182 -0.025612 0.015747 0.999461
165.197000 164.867905 0.105614 5.881444 0.013849 -0.025761 0.015912 0.999446
165.402000 165.061188 0.109714 5.890751 0.012940 -0.025686 0.016100 0.999457
165.600000 165.275497 0.118670 5.899817 0.013927 -0.026059 0.016440 0.999428
165.796000 165.459427 0.124827 5.911491 0.014201 -0.026679 0.016500 0.999407
165.993000 165.669357 0.130914 5.922984 0.014065 -0.026662 0.016569 0.999408
166.198000 165.861374 0.137369 5.937345 0.014379 -0.026782 0.016712 0.999398
166.392000 166.066605 0.145122 5.951103 0.014772 -0.027647 0.016875 0.999366
