0.000000 0.000000 0.000000 0.000000 -0.002709 0.029554 0.005783 0.999543
0.199929 0.001174 0.000637 0.000149 -0.002743 0.029646 0.005820 0.999540
0.399795 -0.000223 0.001069 0.000912 -0.002713 0.029679 0.005853 0.999539
0.600094 -0.001088 0.001541 0.000054 -0.002749 0.029622 0.005754 0.999541
0.800065 -0.003015 0.002504 0.001140 -0.002731 0.029637 0.005711 0.999541
0.999854 -0.003799 0.002704 0.000717 -0.002726 0.029649 0.005633 0.999541
1.199886 0.000205 0.001946 0.000979 -0.002742 0.029659 0.005785 0.999540
1.399856 -0.000635 0.000504 0.000787 -0.002721 0.029578 0.005751 0.999542
1.599705 -0.000307 0.000656 0.000271 -0.002748 0.029531 0.005815 0.999543
1.799850 -0.001316 0.001938 0.000449 -0.002747 0.029580 0.005733 0.999542
1.999794 -0.002416 0.002371 0.000235 -0.002772 0.029640 0.005704 0.999541
2.199768 0.000556 0.000402 0.000184 -0.002743 0.029631 0.005838 0.999540
2.399754 -0.000749 0.000953 0.000361 -0.002736 0.029603 0.005794 0.999541
2.599744 -0.000712 0.002712 0.000533 -0.002765 0.029581 0.005737 0.999542
2.800063 -0.004229 0.001086 0.001716 -0.002713 0.029987 0.005776 0.999530
2.999731 0.021665 0.003540 0.001363 -0.002800 0.029310 0.004955 0.999554
3.199580 0.034790 0.004614 0.004343 -0.002843 0.029849 0.004716 0.999539
3.399710 0.064159 0.002809 0.000775 -0.002971 0.029159 0.004547 0.999560
3.599683 0.095611 -0.001085 0.002515 -0.002894 0.029555 0.004349 0.999549
3.799735 0.125607 -0.001410 0.001192 -0.002908 0.029210 0.004318 0.999560
3.999608 0.147732 -0.003028 0.002493 -0.002919 0.029297 0.004011 0.999558
4.199593 0.175760 -0.000127 0.003879 -0.002913 0.029242 0.003409 0.999562
4.399568 0.209976 -0.005604 0.001385 -0.002866 0.029176 0.003252 0.999565
4.599600 0.239065 -0.007167 -0.000142 -0.002833 0.029260 0.003070 0.999563
4.799583 0.265436 -0.007193 -0.001174 -0.002837 0.029225 0.002674 0.999565
4.999566 0.293294 -0.007631 0.000316 -0.002735 0.029075 0.002434 0.999571
5.199839 0.326180 -0.003345 -0.002209 -0.002802 0.029282 0.002242 0.999565
5.399537 0.355080 -0.005255 -0.004014 -0.002869 0.028951 0.002098 0.999575
5.599503 0.394334 -0.008875 -0.008689 -0.002828 0.028801 0.002010 0.999579
5.799512 0.421342 -0.004860 -0.007940 -0.002900 0.028362 0.000580 0.999593
5.999424 0.450060 -0.004762 -0.011846 -0.002831 0.028427 0.002499 0.999589
6.199316 0.479365 -0.003142 -0.015784 -0.002739 0.028468 0.003835 0.999584
6.399427 0.510053 -0.005882 -0.018669 -0.002718 0.028275 0.005625 0.999581
6.599497 0.554685 0.000481 -0.021279 -0.002702 0.028184 0.005469 0.999584
6.801414 0.586540 -0.002948 -0.023370 -0.002709 0.028176 0.005040 0.999587
7.000374 0.630965 -0.002666 -0.022519 -0.002964 0.027983 0.004216 0.999595
7.199369 0.665669 0.001662 -0.025762 -0.002878 0.027991 0.003191 0.999599
7.399360 0.719734 -0.003753 -0.025494 -0.003006 0.028130 0.003225 0.999595
7.599304 0.761199 -0.001437 -0.026243 -0.002925 0.027887 0.002621 0.999603
7.799351 0.811657 -0.006507 -0.020507 -0.002818 0.028264 0.002361 0.999594
7.999309 0.855112 -0.004950 -0.019526 -0.002835 0.027976 0.001970 0.999603
8.199354 0.898941 -0.003169 -0.021339 -0.002920 0.027582 0.001463 0.999614
8.399414 0.952971 -0.004482 -0.024598 -0.003041 0.027662 0.001120 0.999612
8.599829 0.989647 0.005285 -0.023657 -0.003108 0.027509 -0.001459 0.999616
8.799198 1.052180 0.001256 -0.032129 -0.002909 0.027282 0.001017 0.999623
8.999193 1.092603 0.002727 -0.033400 -0.002803 0.027253 0.002196 0.999622
9.199098 1.137183 0.011629 -0.027808 -0.002615 0.027667 0.001767 0.999612
9.400687 1.190272 0.015644 -0.036411 -0.002657 0.027267 0.005455 0.999610
9.599250 1.239842 0.016800 -0.035720 -0.002665 0.027350 0.008230 0.999588
9.799110 1.276032 0.031245 -0.039955 -0.002563 0.027426 0.011315 0.999557
9.999110 1.322323 0.037614 -0.041294 -0.002382 0.027223 0.014700 0.999518
10.202055 1.381736 0.044998 -0.046808 -0.002234 0.027528 0.017286 0.999469
10.399081 1.422975 0.041507 -0.044978 -0.002243 0.026916 0.019390 0.999447
10.599018 1.467204 0.050474 -0.046379 -0.002377 0.027052 0.020916 0.999412
10.798897 1.534619 0.053172 -0.049480 -0.002429 0.026643 0.021079 0.999420
10.999100 1.579277 0.051485 -0.048123 -0.002400 0.026489 0.019985 0.999446
11.199075 1.625551 0.059154 -0.055087 -0.002360 0.026955 0.019164 0.999450
11.399021 1.682184 0.053038 -0.050188 -0.002227 0.026329 0.018670 0.999476
11.598990 1.728931 0.061541 -0.052886 -0.002414 0.026890 0.018144 0.999471
11.798947 1.779279 0.061415 -0.055568 -0.002496 0.025899 0.017556 0.999507
11.998955 1.847636 0.053869 -0.054334 -0.002540 0.026668 0.016720 0.999501
12.200294 1.894305 0.049860 -0.054687 -0.002424 0.025962 0.015791 0.999535
12.398927 1.956984 0.054718 -0.054429 -0.002990 0.026611 0.015349 0.999524
12.600188 1.994360 0.054498 -0.066829 -0.003047 0.025555 0.014388 0.999565
12.800259 2.066901 0.048587 -0.054035 -0.002745 0.026350 0.013749 0.999554
13.000248 2.096947 0.052904 -0.058179 -0.002616 0.026169 0.012781 0.999572
13.200198 2.157707 0.059312 -0.077602 -0.003186 0.025562 0.013071 0.999583
13.400164 2.199606 0.047744 -0.059818 -0.002444 0.026394 0.011580 0.999582
13.600176 2.250397 0.046350 -0.058394 -0.002543 0.026103 0.010644 0.999599
13.800114 2.314633 0.051465 -0.063495 -0.002700 0.025986 0.010759 0.999601
14.000349 2.369122 0.047423 -0.059758 -0.002255 0.026521 0.010576 0.999590
14.200133 2.434453 0.059273 -0.077117 -0.002904 0.025867 0.009777 0.999613
14.400083 2.487907 0.064695 -0.076208 -0.002837 0.026266 0.009321 0.999608
14.600084 2.543128 0.057577 -0.077372 -0.002791 0.026159 0.008994 0.999613
14.800765 2.598618 0.058254 -0.085852 -0.003445 0.025893 0.008547 0.999622
15.000016 2.650133 0.052152 -0.078602 -0.003368 0.026533 0.007852 0.999611
15.200017 2.686644 0.054871 -0.073423 -0.002910 0.026911 0.007532 0.999605
15.399952 2.759282 0.045574 -0.069451 -0.002567 0.026049 0.008039 0.999625
15.599965 2.818377 0.040749 -0.054795 -0.002492 0.026206 0.007879 0.999622
15.799949 2.886518 0.048566 -0.065605 -0.002731 0.025662 0.008109 0.999634
15.999958 2.937010 0.049217 -0.063145 -0.002829 0.026044 0.011124 0.999595
16.199925 2.985933 0.060552 -0.075383 -0.002757 0.025772 0.011238 0.999601
16.400062 3.038024 0.071258 -0.064287 -0.002813 0.025860 0.013543 0.999570
16.600180 3.198717 0.083109 0.023571 -0.002502 0.025695 0.014030 0.999568
16.799854 3.261754 0.093933 0.026993 -0.002811 0.026261 0.016812 0.999510
16.999767 3.307801 0.098551 0.013254 -0.002767 0.025979 0.019565 0.999467
17.199861 3.352313 0.102793 0.003355 -0.002947 0.026908 0.016649 0.999495
17.399904 3.404291 0.102382 0.029364 -0.002633 0.025574 0.020888 0.999451
17.599790 3.452822 0.107304 0.025350 -0.002810 0.025736 0.021261 0.999439
17.799835 3.525343 0.119419 0.013181 -0.002990 0.025163 0.020649 0.999466
17.999800 3.591581 0.111550 0.016140 -0.002740 0.025361 0.019811 0.999478
18.200336 3.650677 0.119502 0.008378 -0.003026 0.025479 0.019839 0.999474
18.399645 3.715621 0.113371 0.008184 -0.003129 0.025549 0.018891 0.999490
18.599618 3.754844 0.122115 0.005571 -0.002877 0.025448 0.017649 0.999516
18.799808 3.816549 0.117331 0.013628 -0.002991 0.025651 0.017538 0.999513
18.999668 3.878372 0.119172 0.007938 -0.002829 0.025385 0.016990 0.999529
19.199868 3.933028 0.119254 0.012174 -0.003187 0.025677 0.015971 0.999538
19.399783 3.990018 0.120215 0.011855 -0.002821 0.025621 0.015298 0.999551
19.599486 4.059692 0.113835 -0.003293 -0.002874 0.025215 0.015615 0.999556
19.799663 4.109325 0.114113 0.010987 -0.003359 0.025321 0.014581 0.999567
19.999608 4.170598 0.114251 0.004440 -0.002944 0.025450 0.013860 0.999576
20.199595 4.084193 0.051743 0.128856 -0.003658 -0.007158 -0.018675 0.999793
20.399840 4.131605 0.058808 0.131167 -0.003525 -0.006717 -0.019719 0.999777
20.599758 4.192322 0.058789 0.142524 -0.003702 -0.006775 -0.020730 0.999755
20.799599 4.251152 0.063718 0.145256 -0.003683 -0.006927 -0.021533 0.999737
20.999701 4.313192 0.057016 0.143402 -0.003949 -0.006660 -0.021469 0.999740
21.199494 4.380793 0.056992 0.146998 -0.003827 -0.007116 -0.022248 0.999720
21.399581 4.450064 0.044422 0.148546 -0.003779 -0.007078 -0.022307 0.999719
21.599485 4.506549 0.054905 0.137314 -0.003965 -0.006956 -0.022867 0.999706
21.799434 4.575913 0.045434 0.144697 -0.004302 -0.007078 -0.023787 0.999683
21.999454 4.632640 0.040661 0.152430 -0.004257 -0.006985 -0.024375 0.999669
22.199441 4.721116 0.021308 0.159447 -0.004360 -0.007200 -0.024041 0.999676
22.399616 4.757505 0.025657 0.166470 -0.004167 -0.007190 -0.025220 0.999647
22.599373 4.842516 0.010942 0.173280 -0.004100 -0.007122 -0.026140 0.999625
22.799939 4.903655 0.013729 0.179113 -0.004038 -0.007615 -0.027457 0.999586
22.999373 4.976281 0.002421 0.183387 -0.004053 -0.007091 -0.025277 0.999647
23.199404 5.023468 0.002055 0.196704 -0.003779 -0.007345 -0.025608 0.999638
23.399166 5.112044 -0.001130 0.190300 -0.004183 -0.007449 -0.025077 0.999649
23.599868 5.156134 0.001858 0.198052 -0.004249 -0.007601 -0.025670 0.999633
23.799257 5.218011 0.003061 0.199198 -0.004374 -0.007071 -0.027126 0.999597
23.999394 5.277968 -0.004980 0.205163 -0.004492 -0.007252 -0.027606 0.999582
24.199250 5.323746 -0.013425 0.205957 -0.004290 -0.006992 -0.027633 0.999584
24.399255 5.376944 -0.013239 0.215454 -0.004425 -0.007425 -0.029475 0.999528
24.599288 5.421654 -0.015625 0.215839 -0.004388 -0.006910 -0.026883 0.999605
24.799381 5.485810 -0.008531 0.224367 -0.004451 -0.007338 -0.024921 0.999653
24.999549 5.559391 -0.013690 0.226407 -0.004481 -0.007026 -0.023264 0.999695
25.199194 5.608333 -0.017465 0.237349 -0.004909 -0.007208 -0.019985 0.999762
25.400805 5.658741 -0.019371 0.237466 -0.004518 -0.007251 -0.023028 0.999698
25.599290 5.727001 -0.029818 0.241999 -0.004734 -0.007808 -0.019245 0.999773
25.799116 5.788112 -0.034272 0.241925 -0.004508 -0.008069 -0.022989 0.999693
25.999084 5.868155 -0.041318 0.244745 -0.004442 -0.007966 -0.019679 0.999765
26.199093 5.949362 -0.042874 0.237461 -0.004281 -0.008227 -0.018763 0.999781
26.399048 6.008693 -0.044287 0.242598 -0.004614 -0.008017 -0.017034 0.999812
26.599197 6.072021 -0.042351 0.242929 -0.004066 -0.008546 -0.015930 0.999828
26.799079 6.143020 -0.047585 0.248012 -0.005455 -0.004272 -0.012630 0.999896
26.999143 6.238584 -0.039730 0.241788 -0.005182 -0.003472 -0.010754 0.999923
27.199018 6.273332 -0.015465 0.316590 -0.015911 0.012028 -0.008647 0.999764
27.398979 6.299538 -0.032696 0.341621 -0.014039 0.012188 -0.008181 0.999794
27.599269 6.357892 -0.027228 0.337598 -0.013382 0.011752 -0.006498 0.999820
27.798947 6.426483 -0.033553 0.357713 -0.014758 0.012518 -0.004449 0.999803
27.999040 6.429963 -0.022856 0.355095 -0.012441 0.012858 -0.004861 0.999828
28.199574 6.526891 -0.035349 0.362402 -0.014509 0.014292 -0.001270 0.999792
28.398887 6.596914 -0.012927 0.249307 -0.006585 -0.002562 0.000009 0.999975
28.598843 6.638473 -0.008370 0.259181 -0.006240 -0.002493 0.002391 0.999975
28.798863 6.685650 -0.000902 0.298343 -0.006533 -0.004084 0.003740 0.999963
28.998944 6.716115 0.011140 0.282978 -0.005598 -0.006935 0.005856 0.999943
29.199394 6.764943 0.009218 0.290577 -0.005833 -0.007147 0.007051 0.999933
29.398813 6.809128 0.019741 0.313379 -0.004535 -0.004273 0.007881 0.999950
29.598791 6.879137 0.012105 0.329091 -0.007857 -0.005319 0.007912 0.999924
29.798781 6.949973 0.006535 0.394696 -0.006162 -0.009862 0.006307 0.999912
29.998781 6.983276 0.023393 0.384153 -0.005437 -0.010139 0.004675 0.999923
30.198782 7.063626 0.010067 0.364828 -0.003170 -0.019857 0.008201 0.999764
30.398707 7.136581 0.008657 0.376510 -0.003673 -0.023829 0.007709 0.999680
30.598604 7.204381 0.019806 0.378873 -0.004319 -0.023487 0.006332 0.999695
30.798598 7.229004 0.013765 0.395238 -0.004111 -0.022473 0.005724 0.999723
31.000270 7.260356 0.013241 0.396543 -0.003673 -0.022793 0.004183 0.999725
31.198664 7.310085 0.009644 0.402710 -0.003136 -0.022751 0.004536 0.999726
31.398624 7.405575 0.005967 0.408398 -0.003244 -0.023043 0.003773 0.999722
31.598645 7.448607 0.011644 0.418204 -0.003664 -0.022666 0.002563 0.999733
31.798933 7.534773 0.013408 0.416208 -0.003539 -0.024558 0.003061 0.999687
31.998702 7.542153 0.011884 0.415845 -0.004570 -0.025271 0.001535 0.999669
32.198560 7.659668 0.001485 0.429509 -0.004733 -0.020909 0.003574 0.999764
32.399738 7.714664 0.002828 0.428638 -0.004529 -0.020705 0.003161 0.999770
32.598644 7.765126 -0.001303 0.425748 -0.007013 -0.010845 0.001767 0.999915
32.799915 7.862075 0.000225 0.427332 -0.006838 -0.010304 0.001828 0.999922
32.999801 7.891932 -0.001038 0.476347 -0.010182 -0.007452 0.000556 0.999920
33.199831 7.968478 -0.003342 0.476741 -0.010231 -0.008081 0.000217 0.999915
33.399794 8.048244 -0.007438 0.480313 -0.009811 -0.007852 -0.000540 0.999921
33.599762 8.082232 -0.005299 0.481630 -0.009278 -0.007708 -0.000941 0.999927
33.799786 8.130086 -0.001577 0.447816 -0.007113 -0.008703 -0.001899 0.999935
33.999745 7.939150 0.334744 0.018168 -0.006532 0.034015 0.034822 0.998793
34.199709 8.006611 0.327500 0.015582 -0.006552 0.034227 0.034496 0.998797
34.399789 8.043758 0.338017 0.024516 -0.006601 0.034306 0.033880 0.998815
34.599739 8.102911 0.345860 0.017809 -0.006692 0.034372 0.032774 0.998849
34.799530 8.160293 0.346038 0.022964 -0.006703 0.033815 0.032478 0.998878
34.999690 8.238034 0.351206 0.024940 -0.006851 0.034532 0.031175 0.998894
35.199629 8.264684 0.353963 0.018651 -0.006876 0.033525 0.030681 0.998943
35.399607 8.335105 0.351414 0.025734 -0.006766 0.033886 0.029905 0.998955
35.599905 8.397528 0.355844 0.022863 -0.006864 0.033790 0.029886 0.998958
35.799585 8.462778 0.354079 0.029496 -0.006828 0.034656 0.029866 0.998930
36.000048 8.528207 0.354624 0.029843 -0.006658 0.033902 0.029544 0.998966
36.199600 8.624578 0.359351 0.037356 -0.006531 0.034098 0.029605 0.998959
36.401600 8.695979 0.361009 0.044121 -0.006421 0.033544 0.029001 0.998996
36.599554 8.765213 0.364828 0.044683 -0.006504 0.033559 0.028252 0.999016
36.799496 8.804875 0.367700 0.048866 -0.006820 0.034406 0.027892 0.998995
36.999550 8.863163 0.373728 0.045215 -0.006546 0.034175 0.026760 0.999036
37.199513 8.920913 0.373921 0.047789 -0.007089 0.034298 0.026451 0.999036
37.399442 8.814517 0.325022 -0.022293 -0.005887 0.040869 0.021682 0.998912
37.599671 8.862404 0.329685 -0.019675 -0.005843 0.040916 0.021349 0.998917
37.801825 8.910649 0.322763 -0.017005 -0.005904 0.040572 0.020620 0.998946
38.000477 8.973202 0.326524 -0.016145 -0.005589 0.041071 0.019703 0.998946
38.199390 9.043821 0.321099 -0.019593 -0.005720 0.041305 0.019625 0.998937
38.399434 9.097554 0.319447 -0.015507 -0.005372 0.041537 0.019320 0.998936
38.599390 9.159865 0.320246 -0.020896 -0.005619 0.041446 0.018229 0.998959
38.800879 9.229311 0.323348 -0.021793 -0.005375 0.041257 0.017882 0.998974
38.999606 9.275984 0.322124 -0.012798 -0.005274 0.041898 0.017158 0.998961
39.199627 9.333379 0.322207 -0.018453 -0.005270 0.041521 0.016632 0.998985
39.399866 9.393458 0.324722 -0.013745 -0.004701 0.043025 0.015968 0.998935
39.599409 9.464674 0.327754 -0.025105 -0.005161 0.042349 0.015432 0.998970
39.799245 9.528349 0.329324 -0.024858 -0.005291 0.041974 0.014683 0.998997
39.999250 9.619205 0.329455 -0.018194 -0.004881 0.042428 0.014546 0.998982
40.199140 9.698820 0.331941 -0.021283 -0.004652 0.042176 0.013670 0.999006
40.399227 9.763938 0.330882 -0.017829 -0.004556 0.042275 0.013849 0.999000
40.599192 9.825616 0.328658 -0.008114 -0.004412 0.042010 0.013133 0.999021
40.799208 9.887815 0.329216 -0.012284 -0.004522 0.042488 0.013153 0.999000
40.999167 9.915269 0.327128 -0.007464 -0.004506 0.041821 0.012305 0.999039
41.199124 9.980934 0.327889 -0.003814 -0.004419 0.042462 0.012048 0.999016
41.400973 10.029963 0.326919 -0.008473 -0.004658 0.042122 0.011056 0.999040
41.599118 10.096135 0.325775 -0.001927 -0.004298 0.042444 0.010922 0.999030
41.799105 10.140751 0.327779 -0.004412 -0.004408 0.042510 0.009964 0.999037
41.999181 10.215530 0.329584 -0.009243 -0.004479 0.042498 0.009391 0.999042
42.199058 10.271420 0.332342 -0.012331 -0.004398 0.042306 0.008499 0.999059
42.399063 10.347175 0.330353 -0.014016 -0.004428 0.042206 0.008328 0.999064
42.599021 10.401520 0.330900 -0.012408 -0.004417 0.042319 0.008033 0.999062
42.799037 10.466106 0.327669 -0.013521 -0.004576 0.042239 0.007254 0.999071
42.999045 10.522483 0.321988 -0.012289 -0.003882 0.042752 0.006905 0.999054
43.198988 10.561321 0.322027 -0.009058 -0.004064 0.043481 0.005474 0.999031
43.399010 10.640587 0.323770 -0.009368 -0.004097 0.042805 0.004911 0.999063
43.598933 10.698206 0.324354 -0.019012 -0.003830 0.042981 0.004340 0.999059
43.800481 10.761883 0.321417 -0.014888 -0.004124 0.043157 0.004346 0.999050
44.002212 10.955692 0.352941 0.009449 -0.005731 0.040496 0.005941 0.999146
44.198883 10.987298 0.350003 0.015433 -0.005728 0.040325 0.005506 0.999155
44.398894 11.043331 0.346074 0.012263 -0.005836 0.040228 0.005235 0.999160
44.598874 11.095411 0.346497 0.017995 -0.005806 0.040074 0.004626 0.999169
44.798895 11.154647 0.345305 0.012996 -0.005838 0.040072 0.003973 0.999172
44.999562 11.213171 0.342239 0.016431 -0.006271 0.040413 0.003210 0.999158
45.198826 11.256766 0.346974 0.010999 -0.006301 0.040351 0.002475 0.999163
45.399651 11.323453 0.339583 0.014046 -0.005916 0.040145 0.002685 0.999173
45.598829 11.374996 0.341934 0.012994 -0.006335 0.040299 0.002248 0.999165
45.798832 11.426888 0.341210 0.023975 -0.005838 0.040250 0.002171 0.999170
46.007005 11.488300 0.341504 0.025630 -0.006218 0.039917 0.001107 0.999183
46.198754 11.555756 0.340654 0.025489 -0.005622 0.039571 0.000581 0.999201
46.398709 11.628984 0.337544 0.023585 -0.006037 0.039763 0.000101 0.999191
46.598678 11.685706 0.340802 0.021540 -0.005935 0.039394 -0.000541 0.999206
46.798702 11.750007 0.336892 0.020651 -0.005887 0.039541 -0.001342 0.999200
46.998733 11.810382 0.334676 0.027966 -0.005820 0.039905 -0.001864 0.999185
47.198980 11.880917 0.330803 0.025162 -0.005702 0.039713 -0.002284 0.999192
47.398877 11.928103 0.331743 0.023105 -0.005826 0.039757 -0.003130 0.999187
47.598799 12.031008 0.334132 -0.000868 -0.004339 0.041386 -0.003540 0.999128
47.798577 12.068308 0.332563 -0.000637 -0.004353 0.041216 -0.003844 0.999133
47.998562 12.124058 0.331884 0.001109 -0.004583 0.041187 -0.004736 0.999130
48.198723 12.186701 0.328818 -0.000721 -0.004265 0.041136 -0.005166 0.999131
48.398550 12.233981 0.325460 0.002766 -0.004371 0.041131 -0.005757 0.999128
48.598505 12.291609 0.322594 0.002147 -0.004378 0.041221 -0.006484 0.999119
48.798502 12.351770 0.323160 -0.002739 -0.004383 0.041252 -0.007102 0.999114
49.001398 12.430247 0.317504 -0.001477 -0.004396 0.040982 -0.007519 0.999122
49.199165 12.488253 0.320141 -0.007591 -0.004414 0.041138 -0.008188 0.999110
49.399684 12.569474 0.314248 -0.008372 -0.004420 0.040912 -0.008851 0.999114
49.598460 12.638126 0.315439 -0.007525 -0.004145 0.040960 -0.009530 0.999107
49.798383 12.693393 0.310383 -0.006725 -0.004341 0.040764 -0.009826 0.999111
49.998417 12.760956 0.309297 -0.003862 -0.004172 0.040651 -0.010825 0.999106
50.198442 12.824439 0.304092 -0.005671 -0.004333 0.040875 -0.011046 0.999094
50.398875 12.898449 0.302664 -0.008138 -0.004238 0.040741 -0.011604 0.999093
50.598360 12.961160 0.297433 -0.008672 -0.004310 0.040512 -0.011969 0.999098
50.798310 13.016788 0.297308 -0.013394 -0.004246 0.040772 -0.012624 0.999080
50.998322 13.085224 0.298598 -0.012087 -0.003886 0.040339 -0.010887 0.999119
51.198488 13.120467 0.305625 -0.011343 -0.004021 0.040402 -0.007801 0.999145
51.398490 13.177525 0.311579 -0.012555 -0.003857 0.040215 -0.004496 0.999173
51.598666 13.226396 0.315525 -0.011876 -0.004006 0.040305 -0.002346 0.999177
51.800024 13.287568 0.322839 -0.019349 -0.003897 0.040378 0.000348 0.999177
51.999666 13.338384 0.322530 -0.015409 -0.003695 0.040270 0.002892 0.999178
52.199557 13.403481 0.327882 -0.020569 -0.003694 0.040121 0.005881 0.999171
52.399514 13.461448 0.329643 -0.021602 -0.003785 0.039867 0.008488 0.999162
52.599515 13.517720 0.339924 -0.018600 -0.003379 0.039363 0.012333 0.999143
52.799421 13.594987 0.347067 -0.029226 -0.003608 0.040076 0.016020 0.999062
52.999520 13.646640 0.351084 -0.027388 -0.003336 0.039529 0.017764 0.999055
53.199516 13.703493 0.361745 -0.035012 -0.003832 0.039791 0.020015 0.999000
53.399442 13.749754 0.368935 -0.030126 -0.003256 0.039528 0.023398 0.998939
53.599595 13.834721 0.367440 -0.032844 -0.003555 0.039634 0.021853 0.998969
53.799486 13.877784 0.371229 -0.027537 -0.003442 0.039519 0.021638 0.998979
53.999562 13.937365 0.375039 -0.031857 -0.003555 0.039709 0.020795 0.998989
54.199434 14.017065 0.374691 -0.028083 -0.003574 0.039433 0.019868 0.999018
54.399359 14.082925 0.371353 -0.022433 -0.003560 0.040150 0.019769 0.998992
54.599350 14.128791 0.373685 -0.021698 -0.003459 0.039492 0.019087 0.999032
54.799299 14.189231 0.373255 -0.016869 -0.003749 0.040239 0.018784 0.999006
54.999435 14.220841 0.372770 -0.018698 -0.003663 0.039552 0.017689 0.999054
55.199256 14.294115 0.371607 -0.015070 -0.003572 0.039917 0.017477 0.999044
55.399286 14.329279 0.370878 -0.017746 -0.003520 0.039524 0.016625 0.999074
55.599254 14.414008 0.373127 -0.016759 -0.003623 0.040005 0.015902 0.999066
55.799246 14.448030 0.376199 -0.019805 -0.003609 0.039761 0.015194 0.999087
55.999220 14.498183 0.374110 -0.018305 -0.003717 0.039981 0.014829 0.999083
56.200073 14.586584 0.374359 -0.021677 -0.003452 0.039731 0.014052 0.999106
56.400376 14.651660 0.382004 -0.025067 -0.003673 0.039940 0.013326 0.999106
56.603833 14.716436 0.381977 -0.019331 -0.003587 0.039245 0.013111 0.999137
56.799199 14.772614 0.385271 -0.022385 -0.003674 0.039476 0.012210 0.999139
56.999132 14.851379 0.382575 -0.010877 -0.003355 0.039073 0.011665 0.999163
57.199150 14.927009 0.381182 -0.007832 -0.003577 0.039419 0.011474 0.999151
57.399123 14.986122 0.380584 -0.007156 -0.003463 0.039285 0.010744 0.999164
57.599159 15.044284 0.377821 -0.005583 -0.003456 0.039332 0.010407 0.999166
57.799675 15.182271 0.380795 0.036121 -0.006034 0.036402 0.009567 0.999273
57.999051 15.236702 0.381175 0.032594 -0.006120 0.036415 0.009126 0.999276
58.199338 15.296651 0.380329 0.033350 -0.006207 0.036764 0.008237 0.999271
58.399073 15.344355 0.377876 0.030396 -0.006149 0.036519 0.007838 0.999283
58.599289 15.406151 0.375445 0.029662 -0.006197 0.036441 0.007465 0.999289
58.799008 15.455446 0.377457 0.030618 -0.006176 0.036402 0.006635 0.999296
58.998966 15.531343 0.374018 0.029335 -0.005997 0.036327 0.005898 0.999305
59.198925 15.587027 0.372253 0.029578 -0.006090 0.036162 0.006013 0.999309
59.398843 15.664362 0.371157 0.028354 -0.006043 0.036206 0.005425 0.999311
59.598820 15.717653 0.372986 0.030882 -0.005944 0.036295 0.004613 0.999313
59.798908 15.784007 0.370017 0.031677 -0.005903 0.036422 0.004193 0.999310
59.998911 15.815103 0.369418 0.031229 -0.005856 0.036096 0.003839 0.999324
60.198875 15.892683 0.363254 0.036002 -0.005622 0.035955 0.003359 0.999332
60.398893 15.948659 0.367196 0.036853 -0.005528 0.035998 0.002753 0.999333
60.598817 16.014769 0.365878 0.033756 -0.005764 0.035759 0.002434 0.999341
60.798978 16.065796 0.363258 0.031689 -0.005667 0.035817 0.001367 0.999341
60.998813 16.114971 0.363902 0.038671 -0.005866 0.035878 0.000923 0.999339
61.199642 16.179602 0.367764 0.044182 -0.005703 0.035491 -0.000120 0.999354
61.398761 16.285011 0.362688 0.018786 -0.004004 0.037104 0.000292 0.999303
61.598947 16.340633 0.361388 0.021449 -0.003950 0.036796 -0.000783 0.999315
61.798726 16.382637 0.363872 0.022149 -0.004159 0.036932 -0.001103 0.999309
61.998985 16.448788 0.360374 0.019087 -0.003853 0.036595 -0.001778 0.999321
62.198699 16.499126 0.361268 0.019239 -0.004120 0.036577 -0.002539 0.999319
62.398764 16.566139 0.358128 0.020790 -0.003938 0.036617 -0.002632 0.999318
62.598703 16.618217 0.353043 0.022293 -0.003985 0.036616 -0.003489 0.999315
62.798582 16.721716 0.356974 0.014638 -0.003975 0.036689 -0.003833 0.999311
62.998645 16.768131 0.356108 0.015923 -0.004041 0.036189 -0.005003 0.999324
63.198584 16.838030 0.348881 0.015598 -0.003996 0.036235 -0.005268 0.999321
63.398609 16.887899 0.352380 0.018057 -0.004105 0.036380 -0.006151 0.999311
63.599278 16.950161 0.353189 0.015820 -0.004051 0.036251 -0.007095 0.999309
63.798562 17.031149 0.353470 0.012896 -0.003973 0.035891 -0.007424 0.999320
63.998929 17.117233 0.344313 0.014122 -0.004017 0.036510 -0.007624 0.999296
64.198693 17.170189 0.344979 0.007918 -0.003860 0.035943 -0.008039 0.999314
64.398512 17.237110 0.344731 0.010443 -0.003977 0.036402 -0.007659 0.999300
64.598492 17.293915 0.348691 0.007947 -0.004182 0.035600 -0.006775 0.999334
64.798708 17.336157 0.345330 0.012501 -0.004138 0.036138 -0.007589 0.999309
64.998431 17.399210 0.341453 0.012260 -0.004127 0.035586 -0.008150 0.999325
65.198412 17.441376 0.342359 0.014623 -0.003970 0.035978 -0.008785 0.999306
65.398499 17.506479 0.329994 0.015882 -0.004026 0.035786 -0.009224 0.999309
65.598389 17.567852 0.335284 0.014212 -0.004158 0.035922 -0.009831 0.999298
65.798357 17.664095 0.328858 0.012451 -0.004107 0.035600 -0.010226 0.999305
65.998340 17.726667 0.330370 0.011134 -0.004011 0.035649 -0.011456 0.999291
66.198382 17.809401 0.329113 0.017002 -0.004207 0.035549 -0.011700 0.999291
66.398525 17.858101 0.325523 0.011111 -0.004122 0.035760 -0.012517 0.999274
66.598319 17.931519 0.318774 0.022266 -0.003938 0.035293 -0.013000 0.999285
66.798286 17.980076 0.315294 0.028915 -0.003982 0.035451 -0.013775 0.999269
66.998279 18.065409 0.314397 0.012821 -0.004028 0.035187 -0.014730 0.999264
67.198230 18.133087 0.310654 0.013736 -0.004100 0.035476 -0.015622 0.999240
67.398236 18.198557 0.307560 0.016299 -0.004082 0.035184 -0.016326 0.999239
67.598213 18.247894 0.305085 0.013400 -0.004165 0.035135 -0.016698 0.999234
67.798212 18.320763 0.300223 0.023207 -0.004032 0.035135 -0.017401 0.999223
67.998180 18.372110 0.297727 0.022362 -0.004086 0.034909 -0.018289 0.999215
68.198154 18.421564 0.291104 0.027495 -0.004152 0.035098 -0.018377 0.999206
68.398154 18.484674 0.285671 0.020314 -0.004075 0.035043 -0.019392 0.999189
68.598116 18.546759 0.282850 0.016840 -0.004198 0.035077 -0.019906 0.999178
68.798179 18.586252 0.279037 0.021661 -0.004187 0.034699 -0.020727 0.999174
68.998090 18.667696 0.268987 0.023002 -0.004144 0.034901 -0.021013 0.999161
69.198087 18.732296 0.261669 0.026079 -0.003952 0.034420 -0.022835 0.999139
69.398071 18.800022 0.268032 0.019396 -0.004130 0.034895 -0.020610 0.999170
69.598086 18.847198 0.279228 0.018587 -0.003921 0.034500 -0.015288 0.999280
69.798402 18.911602 0.291046 0.012081 -0.003690 0.034654 -0.009123 0.999351
69.997998 18.978144 0.296478 0.010015 -0.003647 0.034760 -0.002992 0.999385
70.197987 19.044756 0.307674 0.004034 -0.003274 0.034250 0.004094 0.999400
70.398057 19.097483 0.315280 0.009613 -0.002950 0.033950 0.009389 0.999375
70.598109 19.163355 0.331835 -0.000130 -0.003115 0.034401 0.016194 0.999272
70.798068 19.249203 0.339207 0.002492 -0.002629 0.034265 0.021517 0.999178
70.998018 19.298347 0.355960 -0.006817 -0.002585 0.034237 0.025874 0.999075
71.198636 19.417728 0.297823 0.058710 -0.007693 0.032555 0.028695 0.999028
71.397952 19.464060 0.308502 0.063219 -0.007986 0.032648 0.035764 0.998795
71.597961 19.500013 0.325117 0.067267 -0.008036 0.032406 0.040958 0.998603
71.797941 19.580908 0.336192 0.069052 -0.007914 0.032548 0.047257 0.998321
71.997941 19.631195 0.356118 0.065925 -0.008016 0.032612 0.053259 0.998016
72.197816 19.702551 0.370329 0.066307 -0.007570 0.032225 0.058958 0.997711
72.397806 19.757605 0.379389 0.062871 -0.007699 0.033023 0.061864 0.997508
72.598046 19.794117 0.395239 0.073471 -0.007624 0.032625 0.064121 0.997380
72.797794 19.871813 0.405377 0.070517 -0.007473 0.032827 0.067821 0.997129
72.997805 19.926641 0.409253 0.075589 -0.007427 0.032700 0.069584 0.997012
73.197740 19.995607 0.415903 0.080983 -0.007182 0.032663 0.069570 0.997016
73.399092 20.059647 0.425742 0.081581 -0.007261 0.032764 0.069145 0.997042
73.599075 20.121124 0.431536 0.086843 -0.007009 0.032353 0.068103 0.997129
73.797758 20.188412 0.441241 0.072578 -0.007319 0.032390 0.067215 0.997186
73.999031 20.243629 0.448402 0.082130 -0.006893 0.032686 0.066376 0.997235
74.199179 20.298876 0.450648 0.087216 -0.007287 0.031729 0.065976 0.997290
74.398969 20.341105 0.459468 0.088691 -0.006997 0.032297 0.065104 0.997331
74.598940 20.401556 0.464068 0.087739 -0.007395 0.031659 0.064319 0.997400
74.798961 20.478199 0.473663 0.089311 -0.006946 0.031756 0.064176 0.997409
74.999008 20.542372 0.476828 0.093377 -0.007444 0.031737 0.063247 0.997465
75.198970 20.571957 0.481449 0.095952 -0.007128 0.031886 0.062606 0.997503
75.398787 20.627689 0.485703 0.097107 -0.007235 0.031424 0.062443 0.997527
75.598928 20.689344 0.491403 0.088957 -0.006904 0.031084 0.061795 0.997581
75.798860 20.758070 0.496287 0.090745 -0.006707 0.031225 0.061360 0.997605
75.998858 20.809620 0.504083 0.092306 -0.006785 0.031044 0.060711 0.997649
76.198840 20.885948 0.514469 0.096017 -0.006900 0.031343 0.059856 0.997691
76.398835 20.943447 0.516927 0.084023 -0.007071 0.030514 0.059427 0.997741
76.598784 21.034088 0.528246 0.085623 -0.006930 0.031450 0.058689 0.997757
76.798777 21.088312 0.530403 0.086420 -0.006771 0.030639 0.058439 0.997798
76.998771 21.165648 0.541561 0.085811 -0.007018 0.031316 0.057372 0.997837
77.198719 21.221107 0.545772 0.083801 -0.007104 0.031581 0.057040 0.997847
77.398773 21.281748 0.551578 0.084222 -0.007146 0.030980 0.056096 0.997919
77.598706 21.354731 0.557686 0.083741 -0.007204 0.031607 0.055476 0.997934
77.798680 21.398235 0.565592 0.083932 -0.006930 0.031086 0.054848 0.997987
77.998682 21.486824 0.573379 0.084620 -0.006341 0.030845 0.053883 0.998051
78.198663 21.562521 0.577470 0.091991 -0.006569 0.031142 0.053452 0.998063
78.398672 21.614037 0.586886 0.090987 -0.006510 0.030967 0.052634 0.998112
78.598610 21.683371 0.587773 0.094237 -0.006574 0.031202 0.052336 0.998120
78.798962 21.743320 0.596241 0.092563 -0.006632 0.031247 0.051476 0.998163
78.998764 21.788277 0.598209 0.102889 -0.006511 0.031382 0.050581 0.998206
79.198623 21.824753 0.603638 0.111686 -0.006516 0.030512 0.050183 0.998253
79.398546 21.913988 0.610783 0.110113 -0.006601 0.030839 0.049793 0.998262
79.598513 21.988941 0.615595 0.120304 -0.006478 0.030444 0.049180 0.998305
79.798538 22.067591 0.618147 0.120241 -0.005983 0.030744 0.048777 0.998318
79.998548 22.120508 0.618362 0.124365 -0.006317 0.030446 0.048589 0.998335
80.198521 22.185238 0.624057 0.123306 -0.006032 0.030452 0.047885 0.998370
80.398452 22.233698 0.636742 0.128350 -0.006358 0.030127 0.046461 0.998445
80.598497 22.308041 0.625621 0.134271 -0.005752 0.030302 0.045635 0.998482
80.798432 22.378216 0.636070 0.127242 -0.005433 0.029927 0.044207 0.998559
80.998469 22.464605 0.628218 0.116257 -0.004736 0.029880 0.044044 0.998571
81.198402 22.547773 0.632641 0.112592 -0.004669 0.029627 0.043037 0.998623
81.398463 22.608267 0.641915 0.101566 -0.005146 0.029561 0.042626 0.998640
81.598341 22.686001 0.632763 0.109725 -0.004359 0.030358 0.041892 0.998651
81.798375 22.731270 0.643856 0.097833 -0.004777 0.030419 0.041575 0.998661
81.998316 22.812017 0.651274 0.100743 -0.005144 0.030529 0.041140 0.998674
82.198375 22.876080 0.657555 0.098680 -0.005727 0.030563 0.041402 0.998659
82.398324 22.932489 0.675196 0.102215 -0.005883 0.030590 0.040728 0.998685
82.598367 22.967270 0.681697 0.111210 -0.006439 0.030182 0.040471 0.998704
82.799027 23.008400 0.682431 0.123156 -0.006659 0.029419 0.041032 0.998702
82.998258 23.069365 0.684128 0.119319 -0.006484 0.029806 0.041014 0.998693
83.198227 23.124863 0.687162 0.113714 -0.006040 0.029484 0.041296 0.998694
83.398393 23.206875 0.689509 0.114666 -0.005643 0.029480 0.040739 0.998719
83.598285 23.265156 0.696407 0.122791 -0.006059 0.029995 0.039431 0.998754
83.798186 23.352325 0.696746 0.129695 -0.006087 0.029684 0.039577 0.998757
83.998223 23.419909 0.700575 0.122596 -0.006007 0.029544 0.038558 0.998801
84.198137 23.475107 0.702803 0.118340 -0.005978 0.029708 0.037494 0.998837
84.398210 23.525402 0.706672 0.105853 -0.005545 0.028214 0.035900 0.998942
84.598337 23.656435 0.631357 0.197928 0.008777 0.026131 0.032564 0.999089
84.798137 23.733368 0.637298 0.207820 0.008591 0.026232 0.031295 0.999129
84.998072 23.803139 0.639366 0.200659 0.008611 0.026543 0.029755 0.999168
85.198096 23.849022 0.639744 0.205418 0.008373 0.026553 0.029184 0.999186
85.398051 23.907511 0.640188 0.208135 0.008543 0.026730 0.028886 0.999189
85.598240 23.979469 0.643118 0.208062 0.008619 0.026377 0.028121 0.999219
85.798003 24.049097 0.646360 0.210235 0.008481 0.026859 0.027480 0.999225
85.998267 24.114702 0.647464 0.208216 0.008639 0.026213 0.027121 0.999251
86.197990 24.162411 0.650780 0.211792 0.008550 0.026615 0.026522 0.999257
86.398010 24.242596 0.648715 0.219487 0.008160 0.026676 0.026228 0.999267
86.597800 24.315758 0.652444 0.216850 0.008210 0.026704 0.025178 0.999293
86.798141 24.377682 0.655325 0.213784 0.008433 0.026490 0.024894 0.999303
86.998040 24.445534 0.658114 0.207888 0.008309 0.026205 0.024188 0.999329
87.198034 24.523077 0.661207 0.210426 0.008192 0.026665 0.023353 0.999338
87.397921 24.595091 0.664134 0.212521 0.008447 0.026263 0.022370 0.999369
87.597719 24.672146 0.661699 0.226907 0.008383 0.026303 0.022291 0.999370
87.797832 24.722244 0.661912 0.234079 0.008608 0.026116 0.021885 0.999382
87.997689 24.788263 0.661151 0.239483 0.008479 0.026288 0.021029 0.999397
88.197809 24.855965 0.664851 0.243210 0.008335 0.026176 0.020382 0.999415
88.397664 24.926853 0.666463 0.245084 0.008207 0.026334 0.019409 0.999431
88.597795 24.998236 0.666318 0.243772 0.008094 0.026274 0.018698 0.999447
88.797763 25.061604 0.665765 0.246476 0.008275 0.026346 0.018314 0.999451
88.997720 25.144745 0.669274 0.245739 0.008466 0.026059 0.017501 0.999471
89.197701 25.215313 0.674117 0.242042 0.008466 0.026468 0.016599 0.999476
89.397694 25.281384 0.670640 0.244799 0.008357 0.025968 0.016325 0.999495
89.597732 25.369598 0.674609 0.246860 0.008458 0.026302 0.015360 0.999500
89.797554 25.437872 0.676446 0.247565 0.008243 0.025961 0.014512 0.999524
89.997678 25.518097 0.676293 0.246833 0.008279 0.025481 0.014164 0.999541
90.197675 25.588106 0.676287 0.241610 0.008590 0.024767 0.013019 0.999572
90.397675 25.660654 0.672994 0.245530 0.008308 0.025663 0.013119 0.999550
90.597676 25.724905 0.680674 0.255720 0.008340 0.025618 0.011490 0.999571
90.797652 25.801115 0.673773 0.263251 0.008158 0.026291 0.011311 0.999557
90.997428 25.853735 0.674658 0.266249 0.008060 0.025775 0.010620 0.999579
91.197552 25.918491 0.677821 0.267144 0.008306 0.025750 0.009457 0.999589
91.397520 26.005173 0.670413 0.269667 0.008211 0.025628 0.009442 0.999593
91.597499 26.067110 0.676510 0.267251 0.008314 0.025222 0.008539 0.999611
91.797482 26.151018 0.674401 0.269597 0.008185 0.025179 0.007594 0.999621
91.997495 26.224752 0.673099 0.273960 0.008046 0.025155 0.006684 0.999629
92.200422 26.298712 0.672924 0.271777 0.008096 0.025519 0.006228 0.999622
92.397470 26.373613 0.671600 0.275618 0.008269 0.025338 0.005136 0.999632
92.597461 26.437834 0.671880 0.274417 0.008363 0.025503 0.004640 0.999629
92.797442 26.518318 0.669927 0.276002 0.008387 0.025382 0.004006 0.999635
92.997438 26.592331 0.667775 0.275245 0.008352 0.025969 0.003501 0.999622
93.197458 26.667940 0.671855 0.275308 0.008032 0.025942 0.002483 0.999628
93.397366 26.734035 0.670330 0.273121 0.008412 0.025770 0.001634 0.999631
93.597369 26.815134 0.669631 0.283104 0.008222 0.026342 0.000808 0.999619
93.797343 26.868065 0.665466 0.286328 0.008458 0.026159 0.000221 0.999622
93.998630 26.947449 0.665506 0.285878 0.008373 0.026059 -0.000779 0.999625
94.198640 27.019077 0.664440 0.286718 0.008333 0.025955 -0.001574 0.999627
94.398608 27.077705 0.659108 0.288766 0.008593 0.026603 -0.001621 0.999608
94.598596 27.146172 0.662088 0.290014 0.008413 0.025540 -0.003166 0.999633
94.798562 27.233276 0.655818 0.289614 0.008439 0.026190 -0.003565 0.999615
94.998592 27.319836 0.650376 0.290173 0.008319 0.025751 -0.003785 0.999627
95.198596 27.395889 0.648609 0.290915 0.007949 0.025768 -0.005003 0.999624
95.398523 27.470465 0.646834 0.296045 0.007565 0.025997 -0.005849 0.999616
95.598516 27.554266 0.642747 0.295193 0.007655 0.026079 -0.006084 0.999612
95.798524 27.630653 0.638600 0.288544 0.007935 0.026372 -0.006959 0.999596
95.998475 27.700083 0.638076 0.284754 0.008366 0.026641 -0.007472 0.999582
96.198472 27.774958 0.635911 0.291049 0.008276 0.026195 -0.008726 0.999585
96.398439 27.849430 0.634207 0.294574 0.007962 0.026389 -0.009536 0.999575
96.598418 27.900105 0.629448 0.296635 0.008115 0.026381 -0.009866 0.999570
96.798408 27.976597 0.619221 0.300143 0.008213 0.026113 -0.010149 0.999574
96.998442 28.057081 0.623085 0.301846 0.008228 0.026000 -0.010977 0.999568
97.198366 28.126827 0.615114 0.306091 0.007952 0.026064 -0.011407 0.999564
97.398445 28.206221 0.618964 0.311495 0.007654 0.026274 -0.012645 0.999545
97.598546 28.261206 0.612170 0.320969 0.008007 0.025614 -0.013091 0.999554
97.798184 28.317608 0.607211 0.325385 0.007834 0.025019 -0.013911 0.999559
97.998291 28.396719 0.610489 0.322027 0.007804 0.024862 -0.014674 0.999553
98.198313 28.475893 0.597584 0.329494 0.007582 0.025573 -0.015150 0.999529
98.398309 28.532602 0.598457 0.324822 0.008530 0.025369 -0.017136 0.999495
98.598258 28.619249 0.588201 0.329223 0.008189 0.024966 -0.017042 0.999509
98.798375 28.684065 0.584813 0.330590 0.008081 0.025041 -0.017608 0.999499
98.998293 28.767025 0.583785 0.332806 0.008467 0.024497 -0.018314 0.999496
99.198287 28.850887 0.593787 0.260715 0.011466 0.028347 -0.018482 0.999362
99.398210 28.926962 0.593634 0.262653 0.011319 0.028409 -0.019961 0.999333
99.598198 28.990011 0.586084 0.263445 0.011522 0.028821 -0.020714 0.999304
99.798195 29.062841 0.580785 0.271276 0.011631 0.028941 -0.021536 0.999281
99.998159 29.116552 0.574300 0.271137 0.011748 0.028882 -0.022120 0.999269
100.199880 29.183630 0.572201 0.273390 0.011751 0.028260 -0.022531 0.999278
100.398102 29.268539 0.564345 0.281685 0.011566 0.028647 -0.022604 0.999267
100.598360 29.339994 0.556011 0.280732 0.011685 0.029125 -0.023803 0.999224
100.798119 29.426895 0.557393 0.287323 0.011903 0.029480 -0.025723 0.999163
100.998064 29.500994 0.542176 0.284934 0.012750 0.027715 -0.025269 0.999215
101.198101 29.599348 0.541177 0.287627 0.012683 0.028757 -0.026849 0.999145
101.398401 29.656424 0.536565 0.285462 0.012789 0.028301 -0.027268 0.999146
101.598079 29.730755 0.528429 0.291846 0.012318 0.028588 -0.027572 0.999135
101.797993 29.796541 0.525200 0.293843 0.011957 0.028893 -0.028309 0.999110
101.998091 29.888830 0.518331 0.292145 0.011877 0.028646 -0.028763 0.999105
102.198479 29.955748 0.513734 0.295467 0.011481 0.028812 -0.029779 0.999075
102.397987 30.029705 0.499346 0.295154 0.011553 0.028596 -0.030319 0.999064
102.598050 30.087214 0.505182 0.295975 0.011516 0.028643 -0.029421 0.999090
102.798046 30.170610 0.496451 0.288933 0.012011 0.028432 -0.024539 0.999222
102.997936 30.243761 0.499146 0.295524 0.013083 0.029263 -0.021259 0.999260
103.197958 30.310251 0.498352 0.298242 0.012900 0.028590 -0.017783 0.999350
103.398981 30.374487 0.495639 0.301127 0.012999 0.029248 -0.015496 0.999368
103.597844 30.464745 0.496076 0.303073 0.013106 0.028793 -0.014192 0.999399
103.797825 30.526325 0.493454 0.299165 0.012177 0.028755 -0.012988 0.999428
103.997834 30.593626 0.502901 0.306876 0.012476 0.028607 -0.011585 0.999446
104.197772 30.664848 0.502624 0.305469 0.012216 0.029196 -0.009938 0.999450
104.397809 30.749964 0.501491 0.312934 0.013049 0.028227 -0.008177 0.999483
104.597836 30.840155 0.502895 0.318603 0.012601 0.028665 -0.003720 0.999503
104.797761 30.892061 0.511748 0.320884 0.012339 0.028894 -0.001740 0.999505
104.997606 30.957151 0.513811 0.325456 0.012805 0.028362 0.001363 0.999515
105.197753 31.014233 0.515369 0.335523 0.012486 0.028475 0.004507 0.999506
105.397673 31.062553 0.524236 0.340041 0.012492 0.028272 0.006787 0.999499
105.597668 31.143963 0.526252 0.346424 0.012940 0.027808 0.010474 0.999475
105.797669 31.218206 0.534054 0.340628 0.012821 0.028096 0.012702 0.999442
105.997633 31.295498 0.537132 0.342394 0.012823 0.028329 0.015758 0.999392
106.197613 31.381756 0.547066 0.342401 0.012833 0.028324 0.017386 0.999365
106.397612 31.435465 0.538305 0.347882 0.013235 0.028234 0.017602 0.999359
106.597572 31.502926 0.541221 0.349787 0.012950 0.028413 0.016444 0.999377
106.797558 31.589674 0.541272 0.342066 0.013060 0.028284 0.015985 0.999387
106.998245 31.659914 0.537244 0.350340 0.013223 0.028415 0.015237 0.999393
107.197630 31.718477 0.540942 0.347165 0.013221 0.028148 0.014188 0.999416
107.397512 31.793814 0.540235 0.346969 0.013115 0.028478 0.013438 0.999418
107.597588 31.864840 0.538258 0.355413 0.013311 0.028445 0.012633 0.999427
107.797468 31.969070 0.578299 0.228070 0.022231 0.031839 0.012967 0.999162
107.997491 32.030857 0.575223 0.233821 0.021876 0.031908 0.012768 0.999170
108.197434 32.092121 0.575296 0.235584 0.022264 0.032033 0.011923 0.999168
108.397536 32.158310 0.573771 0.239048 0.022130 0.032405 0.011256 0.999166
108.599138 32.229656 0.566298 0.248941 0.022285 0.032156 0.010511 0.999179
108.797452 32.307838 0.569174 0.249867 0.022201 0.032454 0.009541 0.999181
108.997425 32.379169 0.564112 0.249534 0.022199 0.032319 0.009115 0.999189
109.197401 32.466240 0.568299 0.257942 0.022497 0.032605 0.008282 0.999181
109.397470 32.545231 0.564313 0.260851 0.022467 0.032230 0.008000 0.999196
109.597186 32.614399 0.566120 0.257118 0.022425 0.032557 0.006814 0.999195
109.797318 32.681637 0.565946 0.254295 0.022534 0.032642 0.006156 0.999194
109.997286 32.742290 0.567032 0.247160 0.022029 0.032100 0.005325 0.999228
110.197299 32.822212 0.564377 0.250346 0.022602 0.032142 0.004905 0.999216
110.397263 32.895706 0.559749 0.247552 0.022585 0.032458 0.004511 0.999208
110.597215 32.959072 0.558363 0.250333 0.022884 0.032734 0.003820 0.999195
110.797210 33.065029 0.554733 0.186533 0.030031 0.034220 0.003386 0.998957
110.997204 33.122849 0.554807 0.187845 0.029910 0.034295 0.002417 0.998961
111.197220 33.177742 0.550656 0.190966 0.029520 0.034006 0.001647 0.998984
111.397166 33.256187 0.547175 0.193416 0.030252 0.034678 0.001020 0.998940
111.597148 33.320210 0.544156 0.195162 0.029851 0.034313 0.000316 0.998965
111.797113 33.405136 0.543979 0.192672 0.029888 0.034587 -0.000775 0.998954
111.997131 33.462303 0.538909 0.197103 0.030025 0.034033 -0.001655 0.998968
112.197685 33.530254 0.540238 0.201318 0.029664 0.034442 -0.002557 0.998963
112.397403 33.614834 0.535079 0.196103 0.029948 0.034075 -0.002641 0.998967
112.597356 33.687073 0.533332 0.200568 0.029847 0.034863 -0.003276 0.998941
112.797055 33.760387 0.528617 0.202202 0.029166 0.033718 -0.003750 0.998999
112.997078 33.857094 0.530995 0.207480 0.031237 0.035426 -0.004505 0.998874
113.197008 33.936100 0.523547 0.217480 0.029254 0.033906 -0.005558 0.998981
113.397002 34.016842 0.518749 0.220673 0.029029 0.033781 -0.005985 0.998990
113.597102 34.101238 0.509830 0.222612 0.030347 0.034806 -0.006507 0.998912
113.798309 34.172668 0.513081 0.225299 0.029545 0.034201 -0.007483 0.998950
113.998161 34.246948 0.510209 0.230336 0.029608 0.034486 -0.008391 0.998931
114.198608 34.314774 0.504099 0.230253 0.029573 0.034098 -0.009108 0.998939
114.398359 34.385342 0.501459 0.231004 0.029148 0.034057 -0.009947 0.998945
114.598247 34.492191 0.499770 0.223031 0.029922 0.034433 -0.010451 0.998904
114.798327 34.565746 0.494946 0.221531 0.029592 0.034514 -0.011292 0.998902
114.998232 34.648129 0.487687 0.229219 0.029410 0.034699 -0.012139 0.998891
115.198213 34.728306 0.486885 0.227570 0.030514 0.034603 -0.016135 0.998805
115.398155 34.794384 0.498946 0.228527 0.030123 0.033501 -0.002074 0.998982
115.598133 34.885422 0.526877 0.227667 0.030438 0.033971 0.011025 0.998898
115.798083 34.953644 0.546669 0.225568 0.030326 0.032627 0.024536 0.998706
115.998118 35.048214 0.564691 0.225214 0.030147 0.032568 0.037202 0.998322
116.198086 35.096416 0.590799 0.225406 0.030183 0.031716 0.044508 0.998049
116.398172 35.176685 0.608163 0.224276 0.030299 0.031546 0.052882 0.997642
116.598418 35.233799 0.623841 0.229047 0.030249 0.031481 0.057778 0.997374
116.798110 35.326176 0.631282 0.228825 0.030186 0.031781 0.056371 0.997447
116.998107 35.388638 0.633635 0.231681 0.029934 0.031351 0.055967 0.997491
117.198037 35.468815 0.636181 0.235155 0.030409 0.031701 0.054385 0.997553
117.398009 35.531746 0.645839 0.234723 0.030041 0.031908 0.054102 0.997573
117.597996 35.613735 0.648815 0.243385 0.029898 0.031754 0.053240 0.997629
117.797997 35.702648 0.653215 0.243647 0.030423 0.031672 0.052358 0.997662
117.997964 35.787231 0.658484 0.250603 0.030399 0.031941 0.051909 0.997678
118.197926 35.867954 0.663368 0.254121 0.030371 0.032033 0.050874 0.997729
118.398049 35.949135 0.664982 0.266070 0.030778 0.031973 0.050596 0.997733
118.597951 36.008591 0.666247 0.262655 0.030617 0.031592 0.049941 0.997783
118.797949 36.113445 0.679406 0.266343 0.031498 0.030747 0.049468 0.997805
118.997935 36.268787 0.684197 0.182862 0.021215 0.032634 0.048584 0.998060
119.197984 36.337151 0.686883 0.194496 0.020946 0.033217 0.047532 0.998097
119.397983 36.399170 0.686366 0.205910 0.021098 0.032827 0.046570 0.998153
119.597892 36.470341 0.691933 0.207844 0.021124 0.032858 0.046271 0.998165
119.797808 36.536129 0.695291 0.204696 0.021168 0.032826 0.045240 0.998212
119.997941 36.603149 0.700975 0.202223 0.021077 0.033357 0.044657 0.998223
120.197773 36.686115 0.711025 0.198383 0.021180 0.033036 0.044464 0.998240
120.397606 36.764511 0.711890 0.206954 0.021281 0.033339 0.043553 0.998268
120.597765 36.820721 0.712990 0.212085 0.020780 0.032742 0.043677 0.998293
120.797728 36.909752 0.707108 0.225913 0.022859 0.033466 0.042339 0.998281
120.997692 36.987114 0.717734 0.222615 0.024780 0.034400 0.040474 0.998281
121.197674 37.057079 0.720212 0.231929 0.024695 0.034170 0.039676 0.998323
121.397741 37.142544 0.723297 0.227673 0.025593 0.033447 0.039663 0.998325
121.597649 37.223812 0.717060 0.228990 0.024148 0.034567 0.039169 0.998343
121.798411 37.293095 0.718963 0.166271 0.024183 0.031620 0.037699 0.998496
121.997604 37.372581 0.722507 0.174042 0.023428 0.031444 0.036345 0.998570
122.197526 37.453091 0.723307 0.173220 0.023407 0.031970 0.036254 0.998557
122.397827 37.493011 0.727183 0.180656 0.022967 0.032891 0.035236 0.998574
122.597662 37.618050 0.716032 0.243174 0.025646 0.033339 0.034052 0.998535
122.797553 37.650444 0.736093 0.171339 0.024773 0.017536 0.037243 0.998845
122.997515 37.736790 0.753721 0.146253 0.023434 0.019106 0.035609 0.998908
123.197495 37.795307 0.749754 0.148986 0.023401 0.018466 0.035024 0.998942
123.397498 37.861477 0.748188 0.159159 0.023496 0.017253 0.034621 0.998975
123.597449 37.921337 0.753231 0.170627 0.023703 0.016856 0.032576 0.999046
123.797451 37.993515 0.749732 0.171223 0.023572 0.017667 0.030470 0.999102
123.997497 38.060585 0.751409 0.175859 0.023749 0.017816 0.030199 0.999103
124.197424 38.146385 0.756461 0.181560 0.024348 0.018277 0.028262 0.999137
124.397409 38.231232 0.759860 0.180133 0.024788 0.017561 0.029533 0.999102
124.597400 38.323608 0.769419 0.155467 0.023808 0.019402 0.027594 0.999147
124.797416 38.424995 0.778839 0.147563 0.023453 0.023189 0.024823 0.999148
124.997406 38.468575 0.783238 0.148890 0.023636 0.020950 0.024182 0.999209
125.197205 38.552479 0.776194 0.157451 0.023705 0.020799 0.024228 0.999209
125.397844 38.620369 0.769686 0.158808 0.023732 0.020218 0.023457 0.999239
125.597351 38.701385 0.782360 0.158775 0.023634 0.020623 0.026081 0.999168
125.797348 38.781639 0.784220 0.173913 0.023811 0.019963 0.029569 0.999080
125.997260 38.850212 0.797244 0.163793 0.023990 0.020366 0.031741 0.999001
126.197258 38.913166 0.803912 0.175631 0.023762 0.020246 0.033029 0.998967
126.397354 39.013062 0.798879 0.183970 0.024611 0.020507 0.033010 0.998941
126.597239 39.067547 0.813941 0.188808 0.024103 0.021212 0.033991 0.998906
126.797285 39.166687 0.813358 0.190035 0.024404 0.022765 0.032702 0.998908
126.997172 39.237923 0.813473 0.199276 0.023818 0.022501 0.031492 0.998967
127.197169 39.305054 0.810275 0.195953 0.024154 0.022703 0.030926 0.998972
127.397141 39.386509 0.817174 0.207481 0.023964 0.022687 0.030087 0.999002
127.597143 39.463779 0.825013 0.205665 0.023496 0.023487 0.029856 0.999002
127.797094 39.540871 0.830036 0.204459 0.023534 0.023783 0.029144 0.999015
127.997007 39.608871 0.833274 0.224217 0.022851 0.027221 0.028200 0.998970
128.197094 39.683353 0.839686 0.227825 0.021920 0.031708 0.028830 0.998841
128.397564 39.775169 0.851018 0.217543 0.021913 0.030712 0.028070 0.998894
128.596928 39.848946 0.844288 0.228214 0.021907 0.031490 0.027552 0.998884
128.797052 39.906982 0.851253 0.223324 0.020722 0.034600 0.026697 0.998830
128.997031 39.984352 0.827122 0.270759 0.022941 0.032691 0.025883 0.998867
129.196848 40.065044 0.834110 0.257436 0.022443 0.032656 0.025566 0.998888
129.397110 40.151569 0.848018 0.222645 0.021004 0.034587 0.024835 0.998872
129.596961 40.220867 0.836750 0.268951 0.022718 0.035561 0.023135 0.998841
129.796953 40.301674 0.842168 0.243969 0.021063 0.036261 0.023342 0.998848
129.996942 40.378422 0.849075 0.247476 0.021264 0.035272 0.021607 0.998918
130.196935 40.449120 0.857252 0.224537 0.019858 0.035836 0.020982 0.998940
130.398931 40.526699 0.846198 0.246591 0.021211 0.030562 0.019904 0.999110
130.597371 40.607841 0.851617 0.243650 0.022441 0.025701 0.018307 0.999250
130.796883 40.669632 0.831867 0.260452 0.024230 0.022330 0.018465 0.999286
130.996764 40.745014 0.832806 0.256878 0.023742 0.020386 0.017500 0.999357
131.196866 40.814739 0.852978 0.244249 0.023718 0.020071 0.015231 0.999401
131.396858 40.890774 0.847458 0.248431 0.023680 0.019204 0.014922 0.999424
131.598237 40.961346 0.850386 0.256212 0.024243 0.016922 0.015044 0.999450
131.798434 40.990601 0.846217 0.262660 0.024341 0.020006 0.013846 0.999408
131.998129 40.959515 0.850639 0.251544 0.024535 0.017583 0.014105 0.999445
132.198102 40.997639 0.852728 0.260979 0.024481 0.019284 0.014318 0.999412
132.396726 40.983757 0.850222 0.250783 0.024572 0.018586 0.014651 0.999418
132.598261 41.002403 0.859522 0.253880 0.024383 0.018669 0.014740 0.999420
132.798266 40.978287 0.856719 0.253606 0.024700 0.019102 0.014228 0.999411
132.997369 41.000126 0.862027 0.253808 0.024513 0.018311 0.014678 0.999424
133.198041 40.995167 0.861146 0.250923 0.024640 0.018689 0.014506 0.999416
133.398003 40.997826 0.864237 0.254554 0.024450 0.018517 0.014555 0.999424
133.597961 40.986061 0.863652 0.254544 0.024688 0.018426 0.014394 0.999422
133.798036 40.997421 0.863175 0.252044 0.024504 0.018651 0.014706 0.999418
133.997931 40.982758 0.862239 0.251121 0.024785 0.018398 0.014206 0.999423
134.196656 41.001732 0.862182 0.255498 0.024425 0.018784 0.014928 0.999414
134.397964 40.994308 0.863727 0.253779 0.024580 0.018669 0.014551 0.999418
134.596560 41.001041 0.858631 0.256736 0.024350 0.018420 0.014814 0.999424
134.796521 40.993675 0.861293 0.251938 0.024635 0.018543 0.014589 0.999418
134.996492 40.991657 0.861213 0.253219 0.024584 0.018458 0.014473 0.999423
135.197731 40.991394 0.858661 0.252804 0.024490 0.018448 0.014522 0.999424
135.396491 40.986633 0.863492 0.249418 0.024655 0.018394 0.014237 0.999425
135.596460 40.990097 0.865678 0.251802 0.024616 0.018798 0.014447 0.999416
135.797745 40.999260 0.861890 0.253728 0.024422 0.018782 0.014885 0.999414
135.997774 40.996193 0.861755 0.256142 0.024394 0.019172 0.014799 0.999409
136.197766 41.001793 0.862362 0.259313 0.024489 0.018717 0.015126 0.999410
136.397742 40.991264 0.862892 0.252800 0.024619 0.019007 0.014724 0.999408
136.597574 40.986866 0.859161 0.253783 0.024694 0.018753 0.014445 0.999415
136.797705 40.985771 0.855316 0.251877 0.024581 0.018952 0.014489 0.999413
136.997678 40.994015 0.857851 0.253462 0.024369 0.018893 0.014720 0.999416
137.197657 40.986206 0.862093 0.256489 0.024591 0.018530 0.014246 0.999424
137.397521 40.994030 0.862741 0.254573 0.023970 0.018409 0.014693 0.999435
137.597614 41.003159 0.861995 0.254700 0.023760 0.018369 0.015001 0.999436
137.797606 41.011597 0.860728 0.255881 0.023696 0.018268 0.015412 0.999433
137.997589 41.014606 0.865471 0.254734 0.023727 0.018243 0.015418 0.999433
138.197834 41.014030 0.863682 0.257637 0.023620 0.018157 0.015466 0.999436
