0.000000 0.000000 0.000000 0.000000 -0.002709 0.029554 0.005783 0.999543
0.199929 0.001056 0.000706 0.000242 -0.002743 0.029647 0.005819 0.999540
0.399795 -0.000223 0.001069 0.000912 -0.002713 0.029679 0.005853 0.999539
0.600094 -0.001087 0.001541 0.000054 -0.002749 0.029622 0.005754 0.999541
0.800065 -0.002880 0.002495 0.001145 -0.002731 0.029637 0.005713 0.999541
0.999854 -0.003797 0.002703 0.000717 -0.002726 0.029649 0.005633 0.999541
1.199886 0.000205 0.001946 0.000979 -0.002742 0.029659 0.005785 0.999540
1.399856 -0.000635 0.000504 0.000787 -0.002721 0.029578 0.005751 0.999542
1.599705 -0.000307 0.000656 0.000271 -0.002748 0.029531 0.005815 0.999543
1.799850 -0.001573 0.002018 0.000523 -0.002748 0.029581 0.005727 0.999542
1.999794 -0.002416 0.002371 0.000235 -0.002772 0.029640 0.005704 0.999541
2.199768 0.000557 0.000401 0.000184 -0.002743 0.029631 0.005838 0.999540
2.399754 -0.000748 0.000953 0.000360 -0.002736 0.029603 0.005794 0.999541
2.599744 -0.000710 0.002711 0.000533 -0.002765 0.029581 0.005737 0.999542
2.800063 -0.004816 0.001299 0.001656 -0.002713 0.029987 0.005760 0.999530
2.999731 0.021665 0.003540 0.001363 -0.002800 0.029310 0.004955 0.999554
3.199580 0.034790 0.004615 0.004343 -0.002843 0.029849 0.004716 0.999539
3.399710 0.064159 0.002809 0.000775 -0.002971 0.029159 0.004547 0.999560
3.599683 0.095614 -0.001083 0.002505 -0.002893 0.029555 0.004349 0.999549
3.799735 0.125607 -0.001410 0.001192 -0.002908 0.029210 0.004318 0.999560
3.999608 0.147732 -0.003028 0.002493 -0.002919 0.029297 0.004011 0.999558
4.199593 0.175760 -0.000127 0.003879 -0.002913 0.029242 0.003409 0.999562
4.399568 0.209976 -0.005604 0.001385 -0.002866 0.029176 0.003252 0.999565
4.599600 0.239065 -0.007167 -0.000142 -0.002833 0.029260 0.003070 0.999563
4.799583 0.265436 -0.007193 -0.001173 -0.002837 0.029225 0.002674 0.999565
4.999566 0.293295 -0.007631 0.000316 -0.002735 0.029075 0.002434 0.999571
5.199839 0.326181 -0.003346 -0.002210 -0.002802 0.029282 0.002242 0.999565
5.399537 0.355079 -0.005255 -0.004014 -0.002869 0.028951 0.002098 0.999575
5.599503 0.394334 -0.008875 -0.008689 -0.002828 0.028801 0.002010 0.999579
5.799512 0.421290 -0.004603 -0.007948 -0.002900 0.028362 0.000577 0.999593
5.999424 0.450059 -0.004762 -0.011846 -0.002831 0.028427 0.002499 0.999589
6.199316 0.479365 -0.003142 -0.015784 -0.002739 0.028468 0.003835 0.999584
6.399427 0.510054 -0.005882 -0.018669 -0.002718 0.028275 0.005625 0.999581
6.599497 0.554640 0.000558 -0.021302 -0.002701 0.028179 0.005474 0.999584
6.801414 0.586540 -0.002948 -0.023370 -0.002709 0.028176 0.005040 0.999587
7.000374 0.630965 -0.002666 -0.022519 -0.002964 0.027983 0.004216 0.999595
7.199369 0.665668 0.001662 -0.025762 -0.002878 0.027991 0.003191 0.999599
7.399360 0.719734 -0.003753 -0.025494 -0.003006 0.028130 0.003225 0.999595
7.599304 0.761199 -0.001436 -0.026243 -0.002925 0.027887 0.002621 0.999603
7.799351 0.811568 -0.006489 -0.020495 -0.002819 0.028264 0.002361 0.999594
7.999309 0.855109 -0.004947 -0.019530 -0.002835 0.027976 0.001970 0.999603
8.199354 0.899025 -0.003315 -0.021178 -0.002922 0.027585 0.001465 0.999614
8.399414 0.952971 -0.004482 -0.024598 -0.003041 0.027662 0.001120 0.999612
8.599829 0.989647 0.005285 -0.023657 -0.003108 0.027509 -0.001459 0.999616
8.799198 1.052180 0.001256 -0.032129 -0.002909 0.027282 0.001017 0.999623
8.999193 1.092603 0.002727 -0.033398 -0.002803 0.027253 0.002196 0.999622
9.199098 1.137181 0.011626 -0.027804 -0.002615 0.027667 0.001767 0.999612
9.400687 1.189860 0.015998 -0.036549 -0.002654 0.027265 0.005441 0.999610
9.599250 1.239380 0.016914 -0.035624 -0.002666 0.027352 0.008223 0.999588
9.799110 1.276032 0.031245 -0.039955 -0.002563 0.027426 0.011315 0.999557
9.999110 1.322323 0.037614 -0.041295 -0.002382 0.027223 0.014700 0.999518
10.202055 1.381683 0.045071 -0.046873 -0.002234 0.027528 0.017285 0.999469
10.399081 1.422975 0.041507 -0.044978 -0.002243 0.026916 0.019390 0.999447
10.599018 1.467204 0.050473 -0.046380 -0.002377 0.027052 0.020916 0.999412
10.798897 1.534481 0.053015 -0.049395 -0.002430 0.026646 0.021080 0.999420
10.999100 1.579283 0.051443 -0.048067 -0.002401 0.026490 0.019986 0.999446
11.199075 1.625551 0.059154 -0.055087 -0.002360 0.026955 0.019164 0.999450
11.399021 1.682184 0.053037 -0.050187 -0.002227 0.026329 0.018670 0.999476
11.598990 1.728927 0.061540 -0.052912 -0.002414 0.026889 0.018144 0.999471
11.798947 1.779347 0.061475 -0.055742 -0.002494 0.025895 0.017556 0.999507
11.998955 1.847636 0.053869 -0.054334 -0.002540 0.026668 0.016720 0.999501
12.200294 1.894181 0.049887 -0.054783 -0.002423 0.025961 0.015790 0.999535
12.398927 1.956994 0.054761 -0.054444 -0.002990 0.026610 0.015349 0.999524
12.600188 1.994359 0.054498 -0.066828 -0.003047 0.025555 0.014388 0.999565
12.800259 2.067701 0.047739 -0.054113 -0.002754 0.026353 0.013777 0.999554
13.000248 2.097668 0.052573 -0.058182 -0.002625 0.026170 0.012796 0.999572
13.200198 2.158331 0.059180 -0.077512 -0.003186 0.025562 0.013083 0.999583
13.400164 2.200625 0.047179 -0.060137 -0.002449 0.026398 0.011605 0.999581
13.600176 2.251356 0.046074 -0.058603 -0.002548 0.026107 0.010663 0.999599
13.800114 2.315476 0.051043 -0.063760 -0.002709 0.025978 0.010783 0.999601
14.000349 2.370419 0.046567 -0.060769 -0.002241 0.026495 0.010617 0.999590
14.200133 2.435055 0.058979 -0.077138 -0.002910 0.025873 0.009794 0.999613
14.400083 2.488156 0.064581 -0.076734 -0.002838 0.026261 0.009332 0.999608
14.600084 2.544726 0.056903 -0.077340 -0.002791 0.026148 0.009024 0.999613
14.800765 2.599408 0.057614 -0.086686 -0.003434 0.025872 0.008582 0.999623
15.000016 2.650950 0.051584 -0.078956 -0.003362 0.026515 0.007885 0.999612
15.200017 2.687833 0.054213 -0.073391 -0.002920 0.026910 0.007561 0.999605
15.399952 2.759877 0.045263 -0.069444 -0.002573 0.026057 0.008060 0.999625
15.599965 2.817437 0.040734 -0.055074 -0.002497 0.026216 0.007885 0.999622
15.799949 2.888942 0.046203 -0.066285 -0.002728 0.025651 0.008214 0.999633
15.999958 2.937374 0.048722 -0.062997 -0.002835 0.026053 0.011148 0.999594
16.199925 2.986344 0.060210 -0.075367 -0.002756 0.025761 0.011252 0.999601
16.400062 3.038390 0.070907 -0.063592 -0.002829 0.025891 0.013562 0.999569
16.600180 3.092537 0.075521 -0.056174 -0.002482 0.025664 0.014075 0.999568
16.799854 3.152686 0.089933 -0.051441 -0.002771 0.026182 0.016741 0.999513
16.999767 3.200294 0.094038 -0.063183 -0.002733 0.025859 0.019510 0.999471
17.199861 3.246706 0.095287 -0.074262 -0.002863 0.027006 0.016636 0.999493
17.399904 3.296539 0.096989 -0.051723 -0.002566 0.025554 0.020884 0.999452
17.599790 3.348542 0.102726 -0.055034 -0.002739 0.025671 0.021202 0.999442
17.799835 3.421793 0.113710 -0.067641 -0.002900 0.025040 0.020665 0.999469
17.999800 3.486635 0.107959 -0.061010 -0.002702 0.025370 0.019747 0.999479
18.200336 3.549807 0.112589 -0.071729 -0.002904 0.025360 0.019906 0.999476
18.399645 3.612259 0.107535 -0.068664 -0.003094 0.025472 0.018879 0.999492
18.599618 3.653724 0.114537 -0.073197 -0.002817 0.025464 0.017788 0.999513
18.799808 3.706899 0.117072 -0.067883 -0.002895 0.025552 0.017294 0.999520
18.999668 3.770126 0.118459 -0.073909 -0.002724 0.025209 0.016765 0.999538
19.199868 3.825564 0.119544 -0.069648 -0.003089 0.025530 0.015692 0.999546
19.399783 3.901391 0.112793 -0.073215 -0.002618 0.025201 0.015393 0.999560
19.599486 3.965998 0.111328 -0.080756 -0.002865 0.025175 0.015485 0.999559
19.799663 4.017091 0.111560 -0.074549 -0.003101 0.025121 0.014508 0.999574
19.999608 4.068911 0.116020 -0.074684 -0.002922 0.025250 0.013472 0.999586
20.199595 4.132177 0.113439 -0.078054 -0.003118 0.024772 0.013652 0.999595
20.399840 4.175961 0.120317 -0.076514 -0.003146 0.025069 0.012682 0.999600
20.599758 4.234783 0.123899 -0.074181 -0.003173 0.024753 0.011756 0.999619
20.799599 4.291240 0.131888 -0.071461 -0.003225 0.024756 0.010925 0.999629
20.999701 4.354770 0.126770 -0.074480 -0.003477 0.025054 0.011067 0.999619
21.199494 4.421330 0.129702 -0.078949 -0.003403 0.024456 0.010312 0.999642
21.399581 4.483965 0.127719 -0.080073 -0.003327 0.024579 0.010100 0.999641
21.599485 4.549013 0.133730 -0.097567 -0.003388 0.024613 0.009804 0.999643
21.799434 4.613466 0.131653 -0.094162 -0.003809 0.024453 0.008786 0.999655
21.999454 4.681364 0.129149 -0.092185 -0.003723 0.024553 0.008358 0.999657
22.199441 4.753362 0.123416 -0.085741 -0.003990 0.024413 0.008296 0.999660
22.399616 4.799866 0.126143 -0.082123 -0.003803 0.024484 0.007266 0.999667
22.599373 4.878924 0.117322 -0.079357 -0.003811 0.024580 0.006339 0.999670
22.799939 4.947861 0.124572 -0.078846 -0.003756 0.024078 0.004980 0.999691
22.999373 5.020202 0.118660 -0.080017 -0.003713 0.024518 0.007114 0.999667
23.199404 5.075313 0.120257 -0.070084 -0.003504 0.024287 0.006854 0.999675
23.399166 5.151451 0.123291 -0.081425 -0.003879 0.024093 0.007356 0.999675
23.599868 5.194085 0.128338 -0.074903 -0.003980 0.023806 0.006767 0.999686
23.799257 5.260077 0.134856 -0.077778 -0.004162 0.024397 0.005255 0.999680
23.999394 5.321309 0.128729 -0.073854 -0.004292 0.024220 0.004831 0.999686
24.199250 5.362601 0.123418 -0.079241 -0.004090 0.024491 0.004768 0.999680
24.399255 5.416223 0.129813 -0.073359 -0.004258 0.024037 0.002808 0.999698
24.599288 5.469062 0.127643 -0.074506 -0.004165 0.024600 0.005594 0.999673
24.799381 5.543025 0.138362 -0.071229 -0.004122 0.024050 0.007572 0.999674
24.999549 5.608505 0.140690 -0.075159 -0.004092 0.024337 0.009160 0.999653
25.199194 5.652604 0.137162 -0.066824 -0.004413 0.024153 0.012571 0.999619
25.400805 5.708401 0.139567 -0.069340 -0.004101 0.024188 0.009507 0.999654
25.599290 5.774523 0.131306 -0.069758 -0.004261 0.023700 0.013324 0.999621
25.799116 5.844771 0.128855 -0.073874 -0.004110 0.023450 0.009608 0.999670
25.999084 5.923624 0.133395 -0.077033 -0.003963 0.023485 0.012747 0.999635
26.199093 6.004653 0.136245 -0.090477 -0.003751 0.023181 0.013628 0.999631
26.399048 6.061459 0.137935 -0.089523 -0.004077 0.023384 0.015446 0.999599
26.599197 6.126813 0.144093 -0.086582 -0.003393 0.022509 0.016522 0.999604
26.799079 6.212070 0.146240 -0.088114 -0.004381 0.025334 0.019813 0.999473
26.999143 6.297771 0.158226 -0.098684 -0.003916 0.025281 0.021873 0.999433
27.199018 6.340888 0.189595 -0.150133 -0.006818 0.026319 0.025167 0.999313
27.398979 6.385465 0.181952 -0.132611 -0.005308 0.026767 0.024964 0.999316
27.599269 6.427265 0.188015 -0.123762 -0.005375 0.027415 0.026527 0.999258
27.798947 6.482745 0.191819 -0.134451 -0.005739 0.028334 0.028506 0.999175
27.999040 6.538192 0.194722 -0.108975 -0.004638 0.028927 0.028087 0.999176
28.199574 6.626857 0.196203 -0.119057 -0.004872 0.025744 0.031753 0.999152
28.398887 6.651371 0.208267 -0.112113 -0.005124 0.026709 0.032634 0.999097
28.598843 6.696360 0.219666 -0.116124 -0.004161 0.024454 0.034703 0.999090
28.798863 6.754268 0.230302 -0.087032 -0.004333 0.024192 0.036134 0.999045
28.998944 6.772772 0.238341 -0.087144 -0.004571 0.024332 0.038397 0.998956
29.199394 6.817511 0.241466 -0.086148 -0.004692 0.023956 0.039557 0.998919
29.398813 6.865082 0.250840 -0.062126 -0.003462 0.027179 0.040467 0.998805
29.598791 6.922652 0.246287 -0.047923 -0.006745 0.026432 0.040770 0.998796
29.798781 6.981273 0.251585 0.012322 -0.004867 0.022077 0.038796 0.998991
29.998781 7.028596 0.261741 0.004220 -0.004701 0.022241 0.037376 0.999043
30.198782 7.036991 0.246543 0.052314 -0.008222 0.030043 0.041112 0.998669
30.398707 7.062985 0.244627 0.085955 -0.009270 0.028707 0.040941 0.998706
30.598604 7.148352 0.245905 0.097526 -0.010409 0.028910 0.039997 0.998727
30.798598 7.210669 0.250180 0.120957 -0.010885 0.030001 0.039029 0.998728
31.000270 7.215678 0.250046 0.136080 -0.010855 0.029631 0.037341 0.998804
31.198664 7.256073 0.248737 0.141794 -0.010297 0.029615 0.037686 0.998798
31.398624 7.318994 0.249154 0.141437 -0.010407 0.029580 0.036992 0.998823
31.598645 7.396269 0.246429 0.302304 -0.016182 0.033042 0.035607 0.998688
31.798933 7.464273 0.247155 0.300766 -0.015780 0.031625 0.036480 0.998709
31.998702 7.498254 0.259346 0.264929 -0.016854 0.030496 0.034244 0.998806
32.198560 7.617300 0.269220 0.205975 -0.015343 0.034042 0.035939 0.998656
32.399738 7.677021 0.271487 0.215973 -0.016330 0.034114 0.035247 0.998663
32.598644 7.759902 0.276312 0.198793 -0.016040 0.032577 0.034141 0.998757
32.799915 7.817764 0.284450 0.212901 -0.016032 0.031164 0.033810 0.998814
32.999801 7.902628 0.291306 0.192395 -0.016353 0.029752 0.032662 0.998890
33.199831 7.989096 0.299096 0.191993 -0.016454 0.028648 0.031950 0.998943
33.399794 8.087854 0.303447 0.148621 -0.015185 0.027086 0.031278 0.999028
33.599762 8.127206 0.306706 0.157616 -0.015845 0.027087 0.030586 0.999039
33.799786 8.186007 0.300502 0.166345 -0.015286 0.027558 0.030180 0.999048
33.999745 8.277198 0.302791 0.177889 -0.015368 0.027656 0.029116 0.999075
34.199709 8.328606 0.293975 0.172697 -0.015427 0.027823 0.028520 0.999087
34.399789 8.369823 0.306027 0.180467 -0.015372 0.027933 0.027852 0.999103
34.599739 8.420974 0.314001 0.172299 -0.015741 0.028117 0.026785 0.999122
34.799530 8.465647 0.319031 0.171777 -0.015579 0.027782 0.026331 0.999146
34.999690 8.545036 0.319826 0.175501 -0.015889 0.028361 0.025108 0.999156
35.199629 8.585827 0.322062 0.164237 -0.015722 0.027916 0.024865 0.999177
35.399607 8.640749 0.328019 0.168042 -0.015983 0.027757 0.023457 0.999212
35.599905 8.701183 0.323533 0.159350 -0.015921 0.027821 0.023980 0.999198
35.799585 8.776822 0.322954 0.147991 -0.016054 0.027106 0.023544 0.999226
36.000048 8.863523 0.318163 0.145512 -0.015789 0.026518 0.023530 0.999247
36.199600 8.952546 0.320257 0.148392 -0.015975 0.026317 0.023497 0.999250
36.401600 9.004673 0.322275 0.152469 -0.015997 0.026265 0.022991 0.999263
36.599554 9.070134 0.324557 0.149240 -0.016015 0.025459 0.022097 0.999303
36.799496 9.136662 0.329092 0.151923 -0.016134 0.025530 0.021548 0.999312
36.999550 9.193201 0.335409 0.150841 -0.016433 0.025015 0.020230 0.999347
37.199513 9.256435 0.333557 0.143235 -0.017248 0.023617 0.019996 0.999372
37.399442 9.308349 0.338467 0.150181 -0.016123 0.025686 0.018992 0.999360
37.599671 9.356014 0.336252 0.159482 -0.016156 0.025858 0.018914 0.999356
37.801825 9.400957 0.333444 0.168053 -0.015903 0.026114 0.017995 0.999370
38.000477 9.458350 0.335131 0.165967 -0.015827 0.025874 0.016959 0.999396
38.199390 9.521227 0.330091 0.161320 -0.016046 0.025377 0.016740 0.999409
38.399434 9.575213 0.330985 0.159825 -0.015803 0.025673 0.016222 0.999414
38.599390 9.648433 0.328780 0.159763 -0.016100 0.025381 0.015337 0.999431
38.800879 9.703525 0.339162 0.156286 -0.015848 0.025471 0.014777 0.999441
38.999606 9.797079 0.328653 0.154236 -0.016349 0.024796 0.014364 0.999456
39.199627 9.848005 0.337011 0.157927 -0.015831 0.024459 0.013550 0.999484
39.399866 9.915979 0.331186 0.157284 -0.015925 0.024953 0.013094 0.999476
39.599409 9.974049 0.335647 0.153012 -0.015807 0.025075 0.012708 0.999480
39.799245 10.032950 0.331684 0.144767 -0.016597 0.024048 0.011971 0.999501
39.999250 10.109272 0.337418 0.158257 -0.015809 0.024903 0.011502 0.999499
40.199140 10.177048 0.331863 0.163702 -0.015922 0.024832 0.011037 0.999504
40.399227 10.239366 0.336507 0.166195 -0.015820 0.024859 0.010896 0.999506
40.599192 10.312050 0.335434 0.176470 -0.015989 0.024069 0.010067 0.999532
40.799208 10.371239 0.330316 0.170740 -0.016043 0.024366 0.010410 0.999520
40.999167 10.388095 0.334201 0.182718 -0.015877 0.024196 0.009319 0.999538
41.199124 10.463326 0.330213 0.182213 -0.016061 0.024175 0.009109 0.999537
41.400973 10.509974 0.328136 0.183125 -0.016197 0.024175 0.008255 0.999542
41.599118 10.576848 0.326293 0.185734 -0.015940 0.024146 0.008078 0.999549
41.799105 10.627596 0.326721 0.184674 -0.016069 0.023925 0.007159 0.999559
41.999181 10.705235 0.329407 0.183394 -0.016179 0.023943 0.006523 0.999561
42.199058 10.754594 0.327884 0.183987 -0.015991 0.024061 0.005924 0.999565
42.399063 10.824237 0.327092 0.185599 -0.015961 0.024040 0.005544 0.999568
42.599021 10.878577 0.327271 0.187348 -0.016065 0.023870 0.005257 0.999572
42.799037 10.939694 0.328612 0.188121 -0.016018 0.023808 0.004191 0.999579
42.999045 10.992047 0.324469 0.186907 -0.015888 0.023717 0.003597 0.999586
43.198988 11.053986 0.323802 0.190582 -0.015863 0.024091 0.002338 0.999581
43.399010 11.129041 0.322212 0.196214 -0.015763 0.023822 0.001892 0.999590
43.598933 11.196814 0.321815 0.186046 -0.015594 0.024248 0.001427 0.999583
43.800481 11.264994 0.321112 0.188609 -0.015719 0.024163 0.001317 0.999584
44.002212 11.321959 0.319723 0.183644 -0.015454 0.024292 0.000930 0.999585
44.198883 11.355552 0.311546 0.195301 -0.015484 0.024499 0.000879 0.999580
44.398894 11.408455 0.308732 0.197325 -0.015514 0.024708 0.000387 0.999574
44.598874 11.450533 0.311752 0.199638 -0.015416 0.024346 -0.000330 0.999585
44.798895 11.513326 0.304924 0.203552 -0.015366 0.024417 -0.000763 0.999583
44.999562 11.573359 0.306485 0.203087 -0.015488 0.024463 -0.001762 0.999579
45.198826 11.618820 0.306980 0.200278 -0.015659 0.024655 -0.002248 0.999571
45.399651 11.675153 0.303180 0.206753 -0.015375 0.024797 -0.002432 0.999571
45.598829 11.734543 0.295916 0.205080 -0.016027 0.025517 -0.002201 0.999543
45.798832 11.803952 0.307012 0.207788 -0.015383 0.024368 -0.002848 0.999581
46.007005 11.862692 0.294253 0.223927 -0.015745 0.024961 -0.003211 0.999559
46.198754 11.933471 0.300785 0.220618 -0.015071 0.023967 -0.004036 0.999591
46.398709 12.002929 0.298180 0.225754 -0.015685 0.023799 -0.004872 0.999582
46.598678 12.060840 0.294807 0.222374 -0.015252 0.024280 -0.004956 0.999577
46.798702 12.120246 0.295230 0.222345 -0.015357 0.024080 -0.006106 0.999573
46.998733 12.180746 0.296292 0.238707 -0.014927 0.023643 -0.006772 0.999586
47.198980 12.242398 0.286978 0.245146 -0.015241 0.023892 -0.007105 0.999573
47.398877 12.309532 0.291614 0.243492 -0.015132 0.023499 -0.008021 0.999577
47.598799 12.370728 0.284919 0.245069 -0.015096 0.023887 -0.008648 0.999563
47.798577 12.414189 0.287313 0.247155 -0.015094 0.023793 -0.009068 0.999562
47.998562 12.461949 0.285463 0.253654 -0.015260 0.024043 -0.009928 0.999545
48.198723 12.524092 0.278830 0.254360 -0.015108 0.023694 -0.010271 0.999552
48.398550 12.566171 0.276486 0.258394 -0.015077 0.023671 -0.010923 0.999546
48.598505 12.633811 0.273827 0.261009 -0.015195 0.023897 -0.011604 0.999532
48.798502 12.687984 0.273267 0.259082 -0.015129 0.023857 -0.012159 0.999527
49.001398 12.748437 0.271325 0.256071 -0.015161 0.023882 -0.012855 0.999517
49.199165 12.821177 0.269738 0.256799 -0.015075 0.023760 -0.013319 0.999515
49.399684 12.885196 0.266851 0.261102 -0.015182 0.023632 -0.014308 0.999503
49.598460 12.963895 0.259916 0.264019 -0.015022 0.023801 -0.014415 0.999500
49.798383 13.008064 0.260269 0.266021 -0.015148 0.023364 -0.015183 0.999497
49.998417 13.086828 0.257261 0.267477 -0.015012 0.023187 -0.016015 0.999490
50.198442 13.144041 0.253975 0.269503 -0.015278 0.023564 -0.016471 0.999470
50.398875 13.215390 0.253129 0.268638 -0.015146 0.023485 -0.016996 0.999465
50.598360 13.280092 0.248108 0.272229 -0.015039 0.023043 -0.017391 0.999470
50.798310 13.344899 0.244824 0.274004 -0.015135 0.023560 -0.017914 0.999447
50.998322 13.408165 0.247090 0.272674 -0.014993 0.022825 -0.016356 0.999493
51.198488 13.455124 0.252606 0.276016 -0.014857 0.022880 -0.013151 0.999541
51.398490 13.511500 0.261354 0.277720 -0.014924 0.022910 -0.009962 0.999576
51.598666 13.552245 0.261272 0.274358 -0.014930 0.022371 -0.007759 0.999608
51.800024 13.629104 0.264415 0.270071 -0.014891 0.022698 -0.004732 0.999620
51.999666 13.671286 0.261027 0.277635 -0.014806 0.022729 -0.002176 0.999630
52.199557 13.720796 0.273222 0.272035 -0.014679 0.022444 0.000455 0.999640
52.399514 13.782798 0.271121 0.279491 -0.014783 0.022709 0.003014 0.999628
52.599515 13.844101 0.284720 0.278570 -0.014477 0.021978 0.006963 0.999629
52.799421 13.912845 0.289984 0.273611 -0.014756 0.022912 0.010526 0.999573
52.999520 13.975098 0.297158 0.277709 -0.014491 0.022330 0.012156 0.999572
53.199516 14.051681 0.301804 0.277535 -0.014987 0.023221 0.014914 0.999507
53.399442 14.090728 0.307415 0.279297 -0.014242 0.022521 0.018386 0.999476
53.599595 14.172997 0.304689 0.288716 -0.014850 0.023587 0.016778 0.999471
53.799486 14.220086 0.307806 0.288014 -0.014499 0.022463 0.016705 0.999503
53.999562 14.285382 0.311779 0.291186 -0.014572 0.023390 0.015714 0.999497
54.199434 14.357820 0.309290 0.297601 -0.014400 0.022892 0.014993 0.999522
54.399359 14.416249 0.305998 0.304466 -0.014698 0.023454 0.014622 0.999510
54.599350 14.470418 0.310411 0.303565 -0.014444 0.022870 0.014002 0.999536
54.799299 14.527822 0.306575 0.310002 -0.014736 0.023602 0.013731 0.999519
54.999435 14.554189 0.311815 0.307026 -0.014598 0.022886 0.012383 0.999555
55.199256 14.621212 0.308814 0.311339 -0.014576 0.023123 0.012230 0.999552
55.399286 14.662257 0.311069 0.310599 -0.014524 0.022880 0.011140 0.999571
55.599254 14.748450 0.305763 0.315952 -0.014544 0.023303 0.010850 0.999564
55.799246 14.793003 0.310581 0.307945 -0.014513 0.022902 0.010093 0.999581
55.999220 14.869376 0.306043 0.313186 -0.014638 0.023237 0.009863 0.999574
56.200073 14.932410 0.310759 0.305079 -0.014427 0.022874 0.008732 0.999596
56.400376 15.009770 0.307826 0.309470 -0.014575 0.022958 0.008732 0.999592
56.603833 15.078248 0.308497 0.315942 -0.014422 0.022495 0.008467 0.999607
56.799199 15.141921 0.306471 0.311954 -0.014422 0.022729 0.007775 0.999607
56.999132 15.191684 0.303169 0.323310 -0.014255 0.022039 0.007179 0.999630
57.199150 15.257819 0.304974 0.330041 -0.014221 0.022294 0.006671 0.999628
57.399123 15.321051 0.305258 0.336041 -0.014336 0.022196 0.005920 0.999633
57.599159 15.381547 0.302924 0.339965 -0.014319 0.022633 0.005474 0.999626
57.799675 15.436273 0.307067 0.338104 -0.014123 0.021855 0.004457 0.999651
57.999051 15.483039 0.306379 0.335864 -0.014032 0.021720 0.004143 0.999657
58.199338 15.539075 0.308400 0.340428 -0.014256 0.022334 0.002956 0.999645
58.399073 15.590185 0.300211 0.338778 -0.014049 0.022086 0.002942 0.999653
58.599289 15.645509 0.304023 0.341814 -0.014163 0.022337 0.002076 0.999648
58.799008 15.697923 0.297750 0.342406 -0.014039 0.021881 0.001798 0.999660
58.998966 15.765954 0.299043 0.342024 -0.013979 0.022138 0.000676 0.999657
59.198925 15.819789 0.295684 0.342168 -0.013944 0.021609 0.000829 0.999669
59.398843 15.892696 0.298259 0.348634 -0.013983 0.021884 -0.000021 0.999663
59.598820 15.966665 0.296460 0.352362 -0.013922 0.021982 -0.000689 0.999661
59.798908 16.037792 0.293996 0.348770 -0.013967 0.021943 -0.001113 0.999661
59.998911 16.084461 0.287810 0.354849 -0.013799 0.021447 -0.001059 0.999674
60.198875 16.140194 0.282107 0.362107 -0.013652 0.021274 -0.001641 0.999679
60.398893 16.201258 0.279812 0.364825 -0.013575 0.021347 -0.001823 0.999678
60.598817 16.262779 0.285811 0.363175 -0.013730 0.021290 -0.002767 0.999675
60.798978 16.318445 0.283130 0.368390 -0.013600 0.021936 -0.003840 0.999660
60.998813 16.367908 0.284872 0.366023 -0.013700 0.021321 -0.004286 0.999670
61.199642 16.433874 0.282143 0.370948 -0.013521 0.020866 -0.004921 0.999679
61.398761 16.506023 0.277883 0.373157 -0.013410 0.022153 -0.005162 0.999651
61.598947 16.567757 0.271303 0.380257 -0.013325 0.022065 -0.005957 0.999650
61.798726 16.604372 0.273695 0.381272 -0.013405 0.022183 -0.006308 0.999644
61.998985 16.676687 0.271497 0.379656 -0.013187 0.021763 -0.007084 0.999651
62.198699 16.721437 0.274081 0.382955 -0.013310 0.021656 -0.007958 0.999645
62.398764 16.784243 0.268594 0.390836 -0.013232 0.021637 -0.008041 0.999646
62.598703 16.867514 0.260303 0.392575 -0.013241 0.021910 -0.008676 0.999635
62.798582 16.940744 0.266505 0.387139 -0.013317 0.021610 -0.009340 0.999634
62.998645 16.993490 0.257729 0.387804 -0.013249 0.021414 -0.009926 0.999634
63.198584 17.070908 0.260119 0.385433 -0.013410 0.021439 -0.010826 0.999622
63.398609 17.124580 0.258570 0.390724 -0.013412 0.021720 -0.011425 0.999609
63.599278 17.201920 0.259775 0.392822 -0.013304 0.021443 -0.012416 0.999604
63.798562 17.277458 0.255128 0.395738 -0.013290 0.021221 -0.012516 0.999608
63.998929 17.341379 0.252767 0.399272 -0.013332 0.021549 -0.013262 0.999591
64.198693 17.409534 0.246996 0.395947 -0.013069 0.021234 -0.013151 0.999603
64.398512 17.470032 0.248371 0.402363 -0.013337 0.021535 -0.013096 0.999593
64.598492 17.524506 0.251326 0.403284 -0.013415 0.021182 -0.011956 0.999614
64.798708 17.561289 0.246922 0.406727 -0.013423 0.021392 -0.012772 0.999599
64.998431 17.629345 0.245857 0.407585 -0.013301 0.021060 -0.013462 0.999599
65.198412 17.689426 0.242473 0.413263 -0.013208 0.021255 -0.013763 0.999592
65.398499 17.746906 0.232847 0.421278 -0.013130 0.021139 -0.014508 0.999585
65.598389 17.812275 0.236629 0.419361 -0.013186 0.021207 -0.015038 0.999575
65.798357 17.908262 0.231177 0.419893 -0.013258 0.021088 -0.015623 0.999568
65.998340 17.957653 0.230009 0.420338 -0.013153 0.021185 -0.016723 0.999549
66.198382 18.029449 0.231464 0.426600 -0.013241 0.020845 -0.017262 0.999546
66.398525 18.093885 0.220855 0.427937 -0.013229 0.021291 -0.017659 0.999530
66.598319 18.162249 0.218058 0.435807 -0.013018 0.020556 -0.018324 0.999536
66.798286 18.209810 0.210741 0.449159 -0.013136 0.021012 -0.018817 0.999516
66.998279 18.282490 0.210819 0.434544 -0.013174 0.020464 -0.020072 0.999502
67.198230 18.364367 0.204555 0.433824 -0.013249 0.020566 -0.020874 0.999483
67.398236 18.418344 0.202124 0.435013 -0.013176 0.020128 -0.021580 0.999478
67.598213 18.484209 0.194643 0.438483 -0.013311 0.020305 -0.021705 0.999470
67.798212 18.538315 0.192217 0.445408 -0.013229 0.019957 -0.022577 0.999458
67.998180 18.602093 0.183922 0.452245 -0.013215 0.020458 -0.023132 0.999436
68.198154 18.639898 0.180866 0.452582 -0.013411 0.019972 -0.023554 0.999433
68.398154 18.723036 0.174383 0.453685 -0.013285 0.020502 -0.024570 0.999400
68.598116 18.762543 0.170879 0.450356 -0.013432 0.019984 -0.025053 0.999396
68.798179 18.814890 0.164782 0.464601 -0.013384 0.019975 -0.025642 0.999382
68.998090 18.890253 0.157197 0.462474 -0.013367 0.019823 -0.026247 0.999370
69.198087 18.967960 0.147211 0.476211 -0.013007 0.019540 -0.027704 0.999341
69.398071 19.022400 0.152989 0.466664 -0.013395 0.020200 -0.025723 0.999375
69.598086 19.063990 0.162393 0.469391 -0.013179 0.019946 -0.020229 0.999510
69.798402 19.139515 0.174599 0.460125 -0.013119 0.020308 -0.014104 0.999608
69.997998 19.208290 0.184366 0.459746 -0.013000 0.020168 -0.008053 0.999680
70.197987 19.270594 0.195829 0.459316 -0.013051 0.020507 -0.001303 0.999704
70.398057 19.316948 0.201978 0.468583 -0.012668 0.020316 0.004313 0.999704
70.598109 19.402105 0.215537 0.457271 -0.012898 0.020441 0.011251 0.999645
70.798068 19.462767 0.224791 0.466370 -0.012665 0.021132 0.016167 0.999566
70.998018 19.531544 0.241493 0.460909 -0.012937 0.021360 0.020608 0.999476
71.198636 19.593254 0.252526 0.470302 -0.012616 0.021532 0.026819 0.999329
71.397952 19.648422 0.264775 0.473848 -0.012969 0.021949 0.033678 0.999108
71.597961 19.680605 0.280127 0.476126 -0.012916 0.022369 0.039111 0.998901
71.797941 19.750853 0.290250 0.473877 -0.012811 0.021945 0.045613 0.998636
71.997941 19.809925 0.310857 0.478814 -0.012812 0.022592 0.051518 0.998334
72.197816 19.859236 0.328627 0.481784 -0.013049 0.022265 0.056522 0.998068
72.397806 19.930758 0.334852 0.481259 -0.012892 0.023054 0.059878 0.997856
72.598046 19.964849 0.349009 0.490935 -0.013049 0.022256 0.062169 0.997732
72.797794 20.036131 0.357095 0.491959 -0.013083 0.022771 0.065938 0.997478
72.997805 20.097363 0.364877 0.499501 -0.012508 0.022286 0.067560 0.997388
73.197740 20.156286 0.372238 0.505337 -0.012304 0.021417 0.067558 0.997410
73.399092 20.207764 0.380588 0.507281 -0.012365 0.021822 0.067041 0.997435
73.599075 20.265394 0.387000 0.511025 -0.012382 0.021065 0.065929 0.997525
73.797758 20.347330 0.394328 0.505198 -0.012484 0.022031 0.065216 0.997550
73.999031 20.400713 0.402292 0.513444 -0.012505 0.021828 0.064573 0.997596
74.199179 20.453114 0.406316 0.518428 -0.012544 0.020699 0.063922 0.997661
74.398969 20.504089 0.414235 0.519487 -0.012466 0.020994 0.062941 0.997719
74.598940 20.556532 0.422040 0.521830 -0.012311 0.020692 0.062054 0.997782
74.798961 20.628559 0.425833 0.515016 -0.012369 0.019283 0.062151 0.997804
74.999008 20.708366 0.428207 0.522822 -0.012672 0.019911 0.061371 0.997836
75.198970 20.739233 0.430920 0.526773 -0.012463 0.019739 0.060697 0.997883
75.398787 20.795685 0.435323 0.529004 -0.012483 0.019514 0.060536 0.997897
75.598928 20.849680 0.442420 0.521556 -0.012203 0.019070 0.059695 0.997960
75.798860 20.925486 0.450757 0.523037 -0.011972 0.019188 0.058961 0.998004
75.998858 20.981537 0.456504 0.526395 -0.012152 0.018975 0.058480 0.998034
76.198840 21.042248 0.462154 0.529544 -0.012248 0.019091 0.058006 0.998059
76.398835 21.113010 0.471697 0.526864 -0.012075 0.018935 0.056933 0.998125
76.598784 21.192406 0.474831 0.524470 -0.012248 0.019268 0.056727 0.998129
76.798777 21.246572 0.479570 0.528994 -0.012034 0.018484 0.056532 0.998157
76.998771 21.334284 0.488772 0.529236 -0.012300 0.019263 0.055447 0.998200
77.198719 21.390572 0.494327 0.531480 -0.012201 0.019495 0.055134 0.998214
77.398773 21.443851 0.500279 0.527365 -0.012418 0.018664 0.054111 0.998283
77.598706 21.516888 0.506702 0.535666 -0.012303 0.019587 0.053355 0.998308
77.798680 21.567032 0.509762 0.540466 -0.012234 0.019087 0.052982 0.998338
77.998682 21.644041 0.524924 0.538548 -0.011732 0.018601 0.051594 0.998426
78.198663 21.724766 0.526728 0.549125 -0.011764 0.019297 0.051219 0.998432
78.398672 21.781979 0.534129 0.548171 -0.011731 0.019020 0.050488 0.998475
78.598610 21.847343 0.534436 0.554110 -0.011878 0.019237 0.050316 0.998477
78.798962 21.892809 0.544850 0.551924 -0.011803 0.019369 0.049173 0.998533
78.998764 21.947599 0.543654 0.568114 -0.011745 0.019560 0.048526 0.998561
79.198623 21.992487 0.548539 0.577510 -0.011760 0.018656 0.048211 0.998594
79.398546 22.067148 0.561599 0.574304 -0.011729 0.019093 0.047267 0.998631
79.598513 22.167458 0.560733 0.586414 -0.011654 0.018625 0.046958 0.998655
79.798538 22.233829 0.567771 0.591412 -0.011181 0.019167 0.046273 0.998682
79.998548 22.285694 0.565322 0.601334 -0.011322 0.018711 0.046112 0.998697
80.198521 22.333996 0.579145 0.596799 -0.011112 0.018919 0.044613 0.998763
80.398452 22.396809 0.579832 0.601270 -0.011559 0.018123 0.044487 0.998779
80.598497 22.455856 0.577170 0.605606 -0.010727 0.018406 0.043023 0.998847
80.798432 22.546667 0.585356 0.599950 -0.010343 0.018119 0.041978 0.998901
80.998469 22.625595 0.573139 0.592524 -0.009550 0.017812 0.041969 0.998914
81.198402 22.700121 0.581232 0.597673 -0.009351 0.018100 0.040638 0.998966
81.398463 22.775419 0.587422 0.590969 -0.009947 0.018264 0.040527 0.998962
81.598341 22.843693 0.578550 0.601526 -0.008436 0.019447 0.039870 0.998980
81.798375 22.912321 0.594945 0.589256 -0.008895 0.019535 0.039100 0.999005
81.998316 22.978107 0.599019 0.592573 -0.009627 0.019512 0.038707 0.999014
82.198375 23.041681 0.604744 0.593772 -0.010385 0.019719 0.038728 0.999001
82.398324 23.103123 0.619831 0.603269 -0.011214 0.019500 0.038569 0.999003
82.598367 23.135412 0.623136 0.605955 -0.011527 0.019030 0.038713 0.999003
82.799027 23.163567 0.622269 0.623069 -0.011656 0.018143 0.039334 0.998993
82.998258 23.210274 0.624722 0.622648 -0.011621 0.018378 0.039100 0.998999
83.198227 23.267996 0.628011 0.618622 -0.011544 0.018303 0.039090 0.999001
83.398393 23.370018 0.630654 0.627010 -0.010725 0.018184 0.038985 0.999017
83.598285 23.420570 0.631167 0.628956 -0.011436 0.018431 0.037763 0.999051
83.798186 23.499681 0.637443 0.636597 -0.011314 0.018166 0.037346 0.999073
83.998223 23.582417 0.640064 0.632698 -0.011228 0.018049 0.036606 0.999104
84.198137 23.627949 0.643604 0.634694 -0.010811 0.018307 0.035572 0.999141
84.398210 23.691675 0.649473 0.625715 -0.010591 0.016941 0.033541 0.999238
84.598337 23.790869 0.645067 0.618587 -0.011442 0.018498 0.033309 0.999208
84.798137 23.864252 0.652996 0.627359 -0.011472 0.018232 0.031817 0.999262
84.998072 23.931330 0.653927 0.627529 -0.011369 0.018624 0.030231 0.999305
85.198096 23.986950 0.653674 0.633517 -0.011509 0.018853 0.029881 0.999309
85.398051 24.037216 0.657791 0.637983 -0.011323 0.018906 0.029209 0.999330
85.598240 24.104698 0.657306 0.638516 -0.011336 0.018871 0.028799 0.999343
85.798003 24.178686 0.663958 0.639407 -0.011441 0.018862 0.027865 0.999368
85.998267 24.248741 0.663972 0.644766 -0.011236 0.019106 0.027815 0.999367
86.197990 24.296022 0.666074 0.648649 -0.011635 0.019142 0.027106 0.999382
86.398010 24.384041 0.668448 0.650879 -0.011630 0.018716 0.026695 0.999401
86.597800 24.450209 0.670275 0.655989 -0.011715 0.018819 0.025809 0.999421
86.798141 24.512968 0.672515 0.653657 -0.011651 0.018558 0.025464 0.999436
86.998040 24.585546 0.670904 0.652168 -0.011482 0.018304 0.025145 0.999450
87.198034 24.657850 0.673573 0.652991 -0.011615 0.018713 0.024276 0.999463
87.397921 24.739431 0.676720 0.667271 -0.011244 0.018144 0.023349 0.999499
87.597719 24.794258 0.678592 0.673778 -0.011334 0.017539 0.022647 0.999525
87.797832 24.856174 0.679931 0.677989 -0.011127 0.017627 0.022480 0.999530
87.997689 24.918207 0.683121 0.683446 -0.011099 0.017645 0.021367 0.999554
88.197809 24.983036 0.682766 0.690193 -0.011106 0.017571 0.020950 0.999564
88.397664 25.062569 0.683209 0.690856 -0.011221 0.017583 0.020114 0.999580
88.597795 25.120607 0.687274 0.690310 -0.011414 0.017507 0.019134 0.999598
88.797763 25.188818 0.684695 0.695849 -0.011190 0.017656 0.018914 0.999603
88.997720 25.264891 0.685716 0.693859 -0.010932 0.017428 0.018478 0.999618
89.197701 25.337107 0.689412 0.691507 -0.011010 0.017615 0.017603 0.999629
89.397694 25.410091 0.691906 0.697744 -0.010939 0.017141 0.017121 0.999647
89.597732 25.492401 0.698293 0.696712 -0.011029 0.017316 0.015617 0.999667
89.797554 25.567379 0.697262 0.702903 -0.011004 0.017145 0.015297 0.999675
89.997678 25.639277 0.698689 0.709124 -0.011084 0.016675 0.014447 0.999695
90.197675 25.708923 0.693876 0.707167 -0.011088 0.016105 0.013758 0.999714
90.397675 25.786148 0.695749 0.707117 -0.010932 0.016549 0.013508 0.999712
90.597676 25.850784 0.700568 0.709925 -0.011238 0.016184 0.012031 0.999733
90.797652 25.926224 0.697814 0.718648 -0.011064 0.016830 0.011713 0.999729
90.997428 25.976988 0.699390 0.725088 -0.011163 0.016304 0.010991 0.999744
91.197552 26.036295 0.699947 0.732060 -0.011205 0.016510 0.009817 0.999753
91.397520 26.126976 0.696869 0.735944 -0.011240 0.016398 0.009458 0.999758
91.597499 26.188137 0.702768 0.736011 -0.011164 0.016254 0.008638 0.999768
91.797482 26.263807 0.700240 0.747211 -0.011083 0.016086 0.007851 0.999778
91.997495 26.349125 0.704198 0.755365 -0.010745 0.016244 0.006711 0.999788
92.200422 26.421013 0.695176 0.757737 -0.010970 0.016186 0.006902 0.999785
92.397470 26.487291 0.701311 0.763022 -0.010809 0.016000 0.005030 0.999801
92.597461 26.558439 0.697242 0.763527 -0.010816 0.016137 0.005233 0.999798
92.797442 26.644831 0.696591 0.760057 -0.010752 0.016192 0.004520 0.999801
92.997438 26.718685 0.697275 0.762602 -0.010976 0.016923 0.003509 0.999790
93.197458 26.801987 0.696530 0.764759 -0.011355 0.016796 0.002812 0.999791
93.397366 26.874233 0.694200 0.765978 -0.010980 0.016375 0.001969 0.999804
93.597369 26.949644 0.692504 0.774431 -0.011141 0.017182 0.001301 0.999789
93.797343 27.005657 0.689506 0.777091 -0.010791 0.016909 0.000768 0.999798
93.998630 27.080437 0.689751 0.778745 -0.011038 0.016768 -0.000368 0.999798
94.198640 27.144535 0.689148 0.781626 -0.010862 0.016973 -0.001110 0.999796
94.398608 27.208492 0.691318 0.780390 -0.010682 0.017690 -0.001975 0.999785
94.598596 27.264658 0.688230 0.779414 -0.010609 0.015885 -0.003053 0.999813
94.798562 27.344412 0.679489 0.783885 -0.010612 0.016769 -0.003138 0.999798
94.998592 27.416349 0.679448 0.786735 -0.010978 0.016266 -0.003996 0.999799
95.198596 27.493406 0.673279 0.793519 -0.011312 0.016557 -0.004711 0.999788
95.398523 27.574684 0.672846 0.795689 -0.011814 0.016639 -0.005580 0.999776
95.598516 27.654171 0.666078 0.798271 -0.011551 0.016712 -0.005712 0.999777
95.798524 27.740440 0.662758 0.799484 -0.011294 0.017138 -0.006388 0.999769
95.998475 27.823338 0.657930 0.793762 -0.011100 0.017061 -0.006822 0.999770
96.198472 27.896078 0.662288 0.803566 -0.011019 0.016854 -0.008409 0.999762
96.398439 27.969223 0.655476 0.807603 -0.011255 0.017015 -0.008894 0.999752
96.598418 28.020864 0.651285 0.811982 -0.011031 0.017060 -0.009379 0.999750
96.798408 28.098236 0.647548 0.816432 -0.010817 0.016765 -0.009958 0.999751
96.998442 28.189272 0.649339 0.820141 -0.010973 0.016367 -0.010597 0.999750
97.198366 28.264826 0.646389 0.826573 -0.011021 0.016403 -0.010867 0.999746
97.398445 28.336535 0.643460 0.826988 -0.011275 0.016120 -0.012055 0.999734
97.598546 28.392302 0.640615 0.837727 -0.010962 0.015873 -0.012502 0.999736
97.798184 28.470234 0.635309 0.840773 -0.011306 0.015103 -0.013255 0.999734
97.998291 28.541061 0.638125 0.842516 -0.010974 0.015023 -0.013976 0.999729
98.198313 28.619719 0.626662 0.850533 -0.011469 0.015614 -0.014755 0.999703
98.398309 28.675064 0.624987 0.844386 -0.010532 0.015157 -0.016724 0.999690
98.598258 28.756227 0.617418 0.852524 -0.010739 0.015007 -0.016689 0.999690
98.798375 28.820852 0.616322 0.848465 -0.010758 0.014768 -0.017198 0.999685
98.998293 28.908415 0.612327 0.853746 -0.010569 0.014089 -0.017999 0.999683
99.198287 28.990141 0.606925 0.854904 -0.010914 0.015057 -0.018358 0.999659
99.398210 29.040869 0.599230 0.859770 -0.010858 0.015127 -0.019557 0.999635
99.598198 29.119093 0.595796 0.861797 -0.010582 0.015647 -0.020579 0.999610
99.798195 29.198492 0.588422 0.867551 -0.010548 0.015045 -0.020930 0.999612
99.998159 29.250063 0.585536 0.869124 -0.010330 0.015064 -0.021903 0.999593
100.199880 29.320827 0.584337 0.878907 -0.010518 0.014769 -0.022516 0.999582
100.398102 29.389143 0.576209 0.879011 -0.010539 0.014746 -0.022702 0.999578
100.598360 29.456049 0.572681 0.888183 -0.010310 0.015691 -0.024575 0.999522
100.798119 29.541586 0.571606 0.897368 -0.010288 0.015481 -0.026423 0.999478
100.998064 29.632689 0.553465 0.908630 -0.009587 0.014807 -0.025203 0.999527
101.198101 29.694675 0.550400 0.919415 -0.009663 0.015171 -0.026990 0.999474
101.398401 29.760422 0.553258 0.910154 -0.009583 0.015074 -0.028392 0.999437
101.598079 29.831995 0.550530 0.913404 -0.009693 0.014960 -0.029106 0.999417
101.797993 29.912947 0.539139 0.918126 -0.010392 0.015369 -0.029188 0.999402
101.998091 29.989540 0.534281 0.917381 -0.010513 0.015219 -0.029378 0.999397
102.198479 30.056437 0.527831 0.924966 -0.010496 0.015336 -0.030317 0.999368
102.397987 30.137737 0.512743 0.931877 -0.010743 0.015105 -0.031297 0.999338
102.598050 30.193563 0.518475 0.931328 -0.010503 0.015370 -0.029698 0.999386
102.798046 30.285667 0.508080 0.932187 -0.010449 0.015286 -0.024446 0.999530
102.997936 30.367912 0.509997 0.937112 -0.009605 0.016301 -0.020521 0.999610
103.197958 30.432785 0.508869 0.941061 -0.009629 0.015689 -0.016977 0.999686
103.398981 30.517246 0.507488 0.944058 -0.009781 0.015870 -0.015233 0.999710
103.597844 30.580736 0.510161 0.948310 -0.009459 0.015769 -0.014196 0.999730
103.797825 30.649452 0.513288 0.947731 -0.010118 0.015927 -0.013625 0.999729
103.997834 30.724636 0.515863 0.959855 -0.010263 0.015960 -0.011769 0.999751
104.197772 30.775255 0.519108 0.961291 -0.010450 0.016361 -0.010445 0.999757
104.397809 30.888458 0.521160 0.972315 -0.009789 0.015367 -0.008484 0.999798
104.597836 30.961273 0.524945 0.972298 -0.010111 0.015639 -0.004615 0.999816
104.797761 31.018738 0.526620 0.979490 -0.010310 0.016349 -0.001887 0.999811
104.997606 31.060112 0.527529 0.986139 -0.009822 0.016124 0.001071 0.999821
105.197753 31.114899 0.530274 0.991699 -0.010136 0.016158 0.003541 0.999812
105.397673 31.185280 0.541883 0.999066 -0.010055 0.015970 0.005756 0.999805
105.597668 31.258230 0.543815 1.000822 -0.009642 0.015493 0.009505 0.999788
105.797669 31.327703 0.551787 0.994671 -0.009640 0.015805 0.012046 0.999756
105.997633 31.414753 0.555102 1.006267 -0.009807 0.016083 0.014943 0.999711
106.197613 31.499908 0.566410 1.007196 -0.009689 0.016275 0.016581 0.999683
106.397612 31.557693 0.556976 1.007200 -0.009613 0.015541 0.016855 0.999691
106.597572 31.626225 0.562715 1.012424 -0.009410 0.016124 0.015359 0.999708
106.797558 31.684494 0.561127 1.017078 -0.009708 0.015903 0.014593 0.999720
106.998245 31.765860 0.556197 1.027585 -0.009332 0.016414 0.014638 0.999715
107.197630 31.823709 0.558903 1.025934 -0.009366 0.015878 0.013271 0.999742
107.397512 31.901098 0.557884 1.029630 -0.009537 0.016211 0.012686 0.999743
107.597588 31.987761 0.557637 1.036674 -0.009564 0.015801 0.012223 0.999755
107.797468 32.058510 0.565744 1.037728 -0.009567 0.016313 0.011743 0.999752
107.997491 32.113544 0.556627 1.048598 -0.009457 0.016517 0.011547 0.999752
108.197434 32.175591 0.559482 1.049980 -0.009299 0.016515 0.010550 0.999765
108.397536 32.249569 0.559724 1.046884 -0.009216 0.016816 0.010003 0.999766
108.599138 32.322571 0.552421 1.061332 -0.009104 0.016446 0.009336 0.999780
108.797452 32.396053 0.553168 1.062050 -0.009117 0.016834 0.008070 0.999784
108.997425 32.469398 0.549403 1.069237 -0.009020 0.016690 0.007998 0.999788
109.197401 32.558475 0.546430 1.078517 -0.009128 0.016550 0.007627 0.999792
109.397470 32.631126 0.546744 1.086253 -0.008812 0.016615 0.006947 0.999799
109.597186 32.708118 0.548979 1.086900 -0.008874 0.016880 0.005729 0.999802
109.797318 32.768997 0.549665 1.089452 -0.008725 0.017169 0.005083 0.999802
109.997286 32.835941 0.551094 1.081167 -0.009089 0.016554 0.004100 0.999813
110.197299 32.908066 0.549555 1.084860 -0.008569 0.016528 0.003714 0.999820
110.397263 32.980946 0.546988 1.085355 -0.008351 0.017064 0.002791 0.999816
110.597215 33.071342 0.542704 1.095333 -0.008415 0.017047 0.002752 0.999815
110.797210 33.143528 0.537825 1.100107 -0.008092 0.017619 0.002124 0.999810
110.997204 33.206898 0.536363 1.101615 -0.007840 0.017472 0.001083 0.999816
111.197220 33.277908 0.535521 1.108492 -0.007844 0.017448 0.000427 0.999817
111.397166 33.341679 0.533624 1.116553 -0.007265 0.017913 -0.000485 0.999813
111.597148 33.425495 0.532649 1.118751 -0.007800 0.017394 -0.001319 0.999817
111.797113 33.497299 0.530438 1.119709 -0.007679 0.017595 -0.002280 0.999813
111.997131 33.540432 0.527234 1.124097 -0.007549 0.017017 -0.003309 0.999821
112.197685 33.647171 0.527145 1.130044 -0.007536 0.017501 -0.003670 0.999812
112.397403 33.706669 0.523887 1.133167 -0.007254 0.017384 -0.004266 0.999813
112.597356 33.787300 0.523467 1.139006 -0.007725 0.017796 -0.004887 0.999800
112.797055 33.869213 0.521249 1.134889 -0.006841 0.017220 -0.004864 0.999816
112.997078 33.953087 0.518755 1.144510 -0.006379 0.017991 -0.006225 0.999798
113.197008 34.027489 0.513266 1.153217 -0.007542 0.017515 -0.006975 0.999794
113.397002 34.089836 0.513255 1.148487 -0.006020 0.017867 -0.007512 0.999794
113.597102 34.164062 0.509139 1.154581 -0.005833 0.018690 -0.008617 0.999771
113.798309 34.238468 0.503024 1.161039 -0.005844 0.018230 -0.009363 0.999773
113.998161 34.325993 0.502042 1.165008 -0.005936 0.018167 -0.010119 0.999766
114.198608 34.382980 0.497708 1.166247 -0.005542 0.017733 -0.010885 0.999768
114.398359 34.475391 0.493985 1.170053 -0.005747 0.017905 -0.011281 0.999760
114.598247 34.576199 0.489584 1.171917 -0.005360 0.018315 -0.012226 0.999743
114.798327 34.642300 0.488119 1.171402 -0.005720 0.018098 -0.012999 0.999735
114.998232 34.723423 0.483919 1.176594 -0.005453 0.018192 -0.013804 0.999724
115.198213 34.799084 0.480021 1.182627 -0.004025 0.018531 -0.017953 0.999659
115.398155 34.871250 0.495106 1.183275 -0.005322 0.017586 -0.003568 0.999825
115.598133 34.965961 0.521252 1.190727 -0.005767 0.018818 0.009277 0.999763
115.798083 35.025383 0.533770 1.181257 -0.008482 0.015318 0.022573 0.999592
115.998118 35.116856 0.555585 1.190144 -0.008936 0.016165 0.035015 0.999216
116.198086 35.167423 0.584785 1.198667 -0.008951 0.016225 0.042833 0.998910
116.398172 35.241306 0.601626 1.197287 -0.008744 0.016426 0.051174 0.998516
116.598418 35.309383 0.614653 1.195762 -0.008749 0.016125 0.056222 0.998250
116.798110 35.395580 0.621092 1.198917 -0.008727 0.016391 0.054444 0.998344
116.998107 35.459705 0.623304 1.202320 -0.008866 0.016242 0.054333 0.998351
117.198037 35.544842 0.630598 1.211604 -0.008441 0.016439 0.052664 0.998441
117.398009 35.601833 0.632320 1.218131 -0.008995 0.016540 0.052187 0.998460
117.597996 35.684376 0.637979 1.229923 -0.008686 0.016950 0.051840 0.998474
117.797997 35.771511 0.647422 1.232683 -0.008557 0.016608 0.050450 0.998552
117.997964 35.854626 0.647538 1.246079 -0.008408 0.017311 0.050289 0.998549
118.197926 35.914303 0.656997 1.251317 -0.008242 0.017097 0.048612 0.998637
118.398049 36.004539 0.662053 1.258656 -0.008348 0.016678 0.048110 0.998668
118.597951 36.082165 0.664034 1.262913 -0.008337 0.016673 0.047643 0.998690
118.797949 36.177608 0.671208 1.267019 -0.007420 0.015054 0.047089 0.998750
118.997935 36.246094 0.675129 1.276785 -0.007882 0.014922 0.046987 0.998753
119.197984 36.327629 0.681859 1.282076 -0.007771 0.015205 0.045718 0.998808
119.397983 36.384575 0.681898 1.293162 -0.007606 0.014874 0.044852 0.998854
119.597892 36.456230 0.688205 1.293615 -0.007638 0.014734 0.044440 0.998874
119.797808 36.525803 0.692871 1.293338 -0.007198 0.015054 0.043621 0.998909
119.997941 36.604519 0.699810 1.295829 -0.007509 0.015162 0.042995 0.998932
120.197773 36.677097 0.702273 1.300957 -0.007774 0.014739 0.042850 0.998943
120.397606 36.747375 0.708447 1.302388 -0.007556 0.014978 0.041693 0.998990
120.597765 36.821156 0.707958 1.316796 -0.008179 0.014227 0.041888 0.998988
120.797728 36.898014 0.695528 1.333758 -0.005150 0.016918 0.041072 0.999000
120.997692 36.974346 0.700070 1.332909 -0.005096 0.016341 0.039427 0.999076
121.197674 37.058041 0.705904 1.345806 -0.004812 0.017712 0.038760 0.999080
121.397741 37.150436 0.717394 1.336106 -0.002045 0.016403 0.039693 0.999075
121.597649 37.213692 0.744027 1.243751 0.007415 0.013913 0.036962 0.999192
121.798411 37.282707 0.752971 1.267292 0.008067 0.014579 0.037478 0.999159
121.997604 37.349285 0.750922 1.267348 0.008172 0.014286 0.035878 0.999221
122.197526 37.417507 0.758500 1.264460 0.007892 0.014565 0.034842 0.999256
122.397827 37.499142 0.761374 1.271898 0.007037 0.014426 0.034737 0.999268
122.597662 37.597725 0.749870 1.294229 0.009500 0.014854 0.032991 0.999300
122.797553 37.625080 0.769604 1.303979 0.008605 0.006996 0.037174 0.999247
122.997515 37.691853 0.776469 1.311157 0.006563 0.007888 0.034725 0.999344
123.197495 37.756783 0.780259 1.306068 0.006637 0.007820 0.034496 0.999352
123.397498 37.837929 0.779570 1.309949 0.006511 0.007013 0.034774 0.999349
123.597449 37.916870 0.776999 1.321339 0.005835 0.006219 0.033503 0.999402
123.797451 38.004242 0.782761 1.317656 0.006011 0.007705 0.032101 0.999437
123.997497 38.080498 0.779499 1.339121 0.003992 0.003410 0.031501 0.999490
124.197424 38.152096 0.777913 1.359815 0.003512 0.003631 0.029217 0.999560
124.397409 38.241318 0.780005 1.360256 0.003378 0.001743 0.030445 0.999529
124.597400 38.321133 0.787293 1.345754 0.003641 0.003045 0.027356 0.999614
124.797416 38.419117 0.780741 1.411891 0.000376 0.005543 0.024930 0.999674
124.997406 38.482517 0.784264 1.430120 -0.000205 0.003019 0.024553 0.999694
125.197205 38.550770 0.789438 1.424108 0.000090 0.002373 0.023587 0.999719
125.397844 38.616772 0.789472 1.424148 0.000848 0.002559 0.022856 0.999735
125.597351 38.694569 0.807176 1.413049 0.001383 0.003255 0.025191 0.999676
125.797348 38.764839 0.806527 1.423110 0.001268 0.002692 0.028354 0.999594
125.997260 38.841595 0.817336 1.427988 0.000886 0.002597 0.030673 0.999526
126.197258 38.921417 0.824494 1.439469 0.000174 0.002168 0.032768 0.999461
126.397354 38.996269 0.821257 1.451284 0.001628 0.004417 0.032149 0.999472
126.597239 39.060043 0.833464 1.460716 0.001194 0.005195 0.033186 0.999435
126.797285 39.158058 0.836423 1.446425 0.001983 0.006694 0.032415 0.999450
126.997172 39.220867 0.834198 1.452007 0.001837 0.006625 0.030968 0.999497
127.197169 39.292011 0.836048 1.458834 0.001738 0.007611 0.030720 0.999498
127.397141 39.368183 0.839702 1.466565 0.001713 0.007954 0.029876 0.999520
127.597143 39.446918 0.840732 1.468797 0.001430 0.008230 0.029706 0.999524
127.797094 39.520439 0.848589 1.465372 0.001582 0.007835 0.028772 0.999554
127.997007 39.609921 0.860329 1.454807 0.002117 0.007880 0.027909 0.999577
128.197094 39.690002 0.873965 1.445751 0.001641 0.007234 0.028098 0.999578
128.397564 39.765850 0.879923 1.448928 0.001168 0.007468 0.026908 0.999609
128.596928 39.851345 0.878234 1.457160 0.001268 0.006569 0.026753 0.999620
128.797052 39.929790 0.872050 1.463786 -0.000176 0.008049 0.026329 0.999621
128.997031 39.985237 0.858928 1.480912 0.002447 0.007617 0.024627 0.999665
129.196848 40.086582 0.868191 1.492623 0.001521 0.007250 0.025267 0.999653
129.397110 40.161804 0.873961 1.497994 -0.000514 0.010788 0.024002 0.999654
129.596961 40.244141 0.867894 1.499576 0.001847 0.008330 0.022537 0.999710
129.796953 40.323338 0.872112 1.509318 -0.000323 0.010490 0.022576 0.999690
129.996942 40.397182 0.877677 1.520684 -0.000459 0.009956 0.020899 0.999732
130.196935 40.471718 0.879486 1.514496 -0.002205 0.010965 0.020505 0.999727
130.398931 40.524292 0.868641 1.505202 -0.000362 0.007931 0.018802 0.999792
130.597371 40.595833 0.856327 1.531010 -0.000599 0.008041 0.017692 0.999811
130.796883 40.652073 0.843652 1.564295 0.000622 0.005339 0.017662 0.999830
130.996764 40.729855 0.834417 1.579018 -0.000082 0.004282 0.016998 0.999846
131.196866 40.805367 0.858378 1.570095 -0.000341 0.004196 0.014961 0.999879
131.396858 40.900181 0.858943 1.580630 -0.000601 0.003335 0.015550 0.999873
131.598237 40.946621 0.861498 1.571786 0.001240 0.001592 0.014856 0.999888
131.798434 40.987015 0.862485 1.572584 0.001487 0.003276 0.013791 0.999898
131.998129 40.941841 0.858970 1.558290 0.001297 0.001060 0.013624 0.999906
132.198102 40.981937 0.863417 1.564016 0.001436 0.002128 0.013795 0.999902
132.396726 40.961033 0.853949 1.568738 0.001007 0.001670 0.013877 0.999902
132.598261 40.977753 0.865012 1.565256 0.001207 0.002060 0.013924 0.999900
132.798266 40.963665 0.863518 1.564489 0.001384 0.002446 0.013741 0.999902
132.997369 40.971783 0.872309 1.559703 0.001425 0.001796 0.013775 0.999902
133.198041 40.980511 0.864130 1.573828 0.000995 0.002039 0.014193 0.999897
133.398003 40.980076 0.873019 1.569112 0.001167 0.001852 0.014103 0.999898
133.597961 40.973724 0.866058 1.568765 0.001279 0.001966 0.014124 0.999898
133.798036 40.978806 0.871685 1.568154 0.001275 0.002239 0.014165 0.999896
133.997931 40.972168 0.866433 1.570882 0.001210 0.002195 0.014147 0.999897
134.196656 40.982014 0.861078 1.571898 0.000914 0.002340 0.014491 0.999892
134.397964 40.982815 0.861596 1.581007 0.000714 0.002177 0.014309 0.999895
134.596560 40.972054 0.867162 1.572962 0.001024 0.001979 0.013975 0.999900
134.796521 40.975605 0.864431 1.574730 0.000983 0.002095 0.014165 0.999897
134.996492 40.974087 0.863299 1.580281 0.000867 0.001999 0.014042 0.999899
135.197731 40.977512 0.863762 1.571514 0.001007 0.001782 0.014193 0.999897
135.396491 40.973244 0.862490 1.573607 0.000897 0.001739 0.013966 0.999901
135.596460 40.979748 0.863527 1.574339 0.000957 0.002227 0.014383 0.999894
135.797745 40.984585 0.859137 1.576433 0.000808 0.002064 0.014497 0.999892
135.997774 40.983089 0.866054 1.575860 0.000971 0.002658 0.014508 0.999891
136.197766 40.976070 0.864453 1.573167 0.000998 0.002098 0.014289 0.999895
136.397742 40.977119 0.864365 1.571652 0.000930 0.002134 0.014368 0.999894
136.597574 40.971046 0.863431 1.573354 0.001079 0.002382 0.014029 0.999898
136.797705 40.972958 0.857784 1.581079 0.000580 0.002069 0.014157 0.999897
136.997678 40.978458 0.865892 1.574073 0.000884 0.002251 0.014378 0.999894
137.197657 40.975819 0.864092 1.581918 0.000616 0.002088 0.014137 0.999898
137.397521 40.980022 0.864730 1.581665 0.000647 0.001962 0.014397 0.999894
137.597614 40.976444 0.863951 1.586579 0.000529 0.001946 0.014200 0.999897
137.797606 40.977840 0.861417 1.583802 0.000545 0.002158 0.014340 0.999895
137.997589 40.985023 0.862348 1.584913 0.000502 0.001930 0.014494 0.999893
138.197834 40.979866 0.859270 1.587254 0.000465 0.002143 0.014385 0.999894
