0.000000 0.000000 0.000000 0.000000 0.000000 0.000000 0.000000 1.000000
0.107000 0.120157 0.005308 -0.127541 0.004454 -0.005010 0.000701 0.999977
0.204000 0.216616 0.005377 0.094013 0.007664 0.000153 0.000948 0.999970
0.305000 0.302189 0.003241 0.061823 0.007249 -0.000507 0.001159 0.999973
0.405000 0.400901 0.000086 0.117915 0.006603 0.000119 0.001690 0.999977
0.504000 0.496289 -0.001027 0.102007 0.005247 0.000126 0.002927 0.999982
0.603000 0.576572 0.001412 0.125710 0.007335 0.000324 0.003986 0.999965
0.701000 0.678823 0.003637 0.109240 0.008141 -0.000187 0.006107 0.999948
0.800000 0.777004 0.007220 0.159981 0.008067 0.000566 0.006927 0.999943
0.898000 0.881128 0.003977 0.176223 0.007871 0.000687 0.008653 0.999931
1.006000 0.994961 0.008532 0.184941 0.009098 0.000724 0.009479 0.999913
1.104000 1.098022 0.006094 0.195796 0.008393 0.000745 0.010510 0.999909
1.203000 1.189890 0.006822 0.210097 0.008934 0.000998 0.011004 0.999899
1.303000 1.290418 0.011112 0.222392 0.009415 0.001044 0.012916 0.999872
1.402000 1.396096 0.011634 0.242444 0.009077 0.001122 0.014013 0.999860
1.500000 1.482697 0.016087 0.231779 0.009345 0.000878 0.015520 0.999835
1.608000 1.591289 0.018736 0.231181 0.009589 0.000787 0.017073 0.999808
1.708000 1.689950 0.024974 0.254225 0.009637 0.001200 0.017563 0.999799
1.808000 1.786476 0.028953 0.230740 0.009753 0.000662 0.018546 0.999780
1.907000 1.884190 0.034007 0.249664 0.009067 0.000917 0.019739 0.999764
2.005000 1.996378 0.034825 0.222911 0.009030 0.000502 0.020204 0.999755
2.102000 2.081100 0.042434 0.220365 0.010250 0.000474 0.021798 0.999710
2.200000 2.179661 0.045559 0.236055 0.009733 0.000886 0.022874 0.999691
2.298000 2.273296 0.049976 0.237205 0.008668 0.000768 0.022926 0.999699
2.406000 2.381714 0.053506 0.249995 0.008337 0.000792 0.024272 0.999670
2.505000 2.477502 0.061323 0.241406 0.008961 0.000519 0.025225 0.999641
2.604000 2.567579 0.065038 0.263061 0.007963 0.000845 0.025993 0.999630
2.702000 2.674523 0.069346 0.242511 0.007097 0.000506 0.027522 0.999596
2.799000 2.766876 0.078978 0.250434 0.007894 0.000465 0.028696 0.999557
2.908000 2.863155 0.085101 0.258828 0.007470 0.000570 0.029010 0.999551
3.007000 2.967442 0.090854 0.257419 0.007895 0.000460 0.030090 0.999516
3.105000 3.073399 0.098248 0.260897 0.008575 0.000436 0.030325 0.999503
3.201000 3.164399 0.105945 0.286779 0.008263 0.000716 0.031651 0.999465
3.300000 3.257266 0.112039 0.283638 0.007774 0.000817 0.032851 0.999430
3.408000 3.360970 0.121310 0.296149 0.008072 0.000787 0.034133 0.999384
3.506000 3.466420 0.127779 0.295852 0.008023 0.000644 0.035119 0.999351
3.606000 3.566079 0.134803 0.289584 0.008365 0.000557 0.037118 0.999276
3.705000 3.663177 0.145169 0.314963 0.007478 0.000850 0.038113 0.999245
3.802000 3.756556 0.153660 0.332913 0.008168 0.000871 0.040076 0.999163
3.900000 3.863564 0.166589 0.311647 0.008668 0.000552 0.040224 0.999153
4.007000 3.969966 0.175917 0.318025 0.007520 0.000612 0.041815 0.999097
4.105000 4.068611 0.180670 0.341424 0.007883 0.000779 0.043986 0.999001
4.204000 4.170647 0.190097 0.357243 0.007974 0.000785 0.045434 0.998935
4.302000 4.261510 0.195895 0.362317 0.007062 0.001035 0.046467 0.998894
4.400000 4.359821 0.204814 0.352862 0.005047 0.000765 0.048439 0.998813
4.508000 4.460504 0.213937 0.357119 0.005112 0.000834 0.047570 0.998854
4.606000 4.559923 0.223472 0.348753 0.004941 0.000749 0.046708 0.998896
4.703000 4.655478 0.231728 0.359331 0.005249 0.000875 0.046542 0.998902
4.800000 4.754447 0.238504 0.360227 0.004181 0.000941 0.046317 0.998918
4.908000 4.859507 0.247636 0.365911 0.004112 0.000949 0.046145 0.998926
5.007000 4.961982 0.256578 0.366490 0.004109 0.000931 0.046014 0.998932
5.106000 5.059447 0.263000 0.360268 0.004204 0.000691 0.043516 0.999044
5.204000 5.158827 0.268883 0.360569 0.004233 0.000823 0.039185 0.999223
5.301000 5.255028 0.272396 0.382848 0.004082 0.001088 0.036307 0.999332
5.400000 5.354521 0.281227 0.380679 0.003955 0.000847 0.033781 0.999421
5.508000 5.465548 0.286106 0.391573 0.003419 0.001066 0.031390 0.999501
5.607000 5.572906 0.289116 0.405314 0.002979 0.001103 0.029845 0.999550
5.705000 5.667562 0.295074 0.400569 0.003378 0.001029 0.029056 0.999572
5.801000 5.762331 0.297328 0.400677 0.002861 0.001084 0.027815 0.999608
5.900000 5.858295 0.303399 0.405376 0.002898 0.001184 0.024680 0.999691
6.008000 5.967609 0.310317 0.402233 0.003373 0.000978 0.022161 0.999748
6.105000 6.064270 0.309834 0.418966 0.003120 0.001116 0.020114 0.999792
6.204000 6.164843 0.311513 0.410367 0.003200 0.001021 0.018607 0.999821
6.302000 6.261874 0.313679 0.427851 0.002239 0.001205 0.017896 0.999837
6.397000 6.361347 0.316415 0.428191 0.002313 0.001116 0.017645 0.999841
6.506000 6.465565 0.321419 0.435880 0.002637 0.001100 0.017381 0.999845
6.603000 6.554440 0.326391 0.440228 0.002612 0.001151 0.017433 0.999844
6.699000 6.650137 0.330642 0.441169 0.002493 0.001134 0.017356 0.999846
6.806000 6.764143 0.331518 0.438933 0.002593 0.001096 0.017351 0.999846
6.906000 6.865803 0.329990 0.449389 0.002199 0.001312 0.013232 0.999909
7.001000 6.952470 0.331556 0.457435 0.001783 0.001331 0.009862 0.999949
7.099000 7.052561 0.332476 0.451206 0.002343 0.001179 0.007396 0.999969
7.207000 7.163546 0.332095 0.466878 0.002112 0.001385 0.004771 0.999985
7.306000 7.253670 0.333636 0.465611 0.001895 0.001339 0.002905 0.999993
7.401000 7.351885 0.334481 0.470789 0.001996 0.001436 0.001545 0.999996
7.500000 7.449671 0.333755 0.466231 0.002227 0.001237 0.000571 0.999997
7.598000 7.549680 0.332680 0.494094 0.001302 0.001556 0.000078 0.999998
7.706000 7.657075 0.332410 0.499371 0.001273 0.001560 0.000016 0.999998
7.803000 7.743156 0.333189 0.498962 0.001423 0.001463 -0.000234 0.999998
7.901000 7.835249 0.335081 0.496947 0.001601 0.001434 -0.000517 0.999998
7.998000 7.941809 0.334768 0.495809 0.001646 0.001335 -0.000673 0.999997
8.105000 8.058574 0.334713 0.491014 0.001791 0.001283 -0.000776 0.999997
8.203000 8.152857 0.335232 0.495533 0.001489 0.001224 -0.000916 0.999998
8.301000 8.251356 0.335412 0.491589 0.001624 0.001207 -0.000936 0.999997
8.398000 8.355789 0.333609 0.504878 0.001132 0.001306 -0.000949 0.999998
8.508000 8.459971 0.333096 0.522981 0.001063 0.001503 -0.000977 0.999998
8.607000 8.566090 0.333774 0.529150 0.000359 0.001483 -0.001010 0.999998
8.705000 8.653345 0.334076 0.538496 0.000047 0.001523 -0.001043 0.999998
8.801000 8.750404 0.331944 0.534550 -0.000263 0.001446 -0.001038 0.999998
8.898000 8.850876 0.331971 0.542382 -0.000347 0.001514 -0.001045 0.999998
9.006000 8.961975 0.329239 0.545196 -0.000351 0.001551 -0.001013 0.999998
9.103000 9.057817 0.329534 0.550521 -0.000793 0.001508 -0.001042 0.999998
9.201000 9.164080 0.329047 0.545890 -0.000594 0.001498 -0.001022 0.999998
9.301000 9.264034 0.327694 0.549782 -0.000862 0.001509 -0.001012 0.999998
9.399000 9.361821 0.330042 0.561433 -0.000865 0.001592 -0.001047 0.999998
9.506000 9.460680 0.330906 0.562367 -0.000697 0.001575 -0.001055 0.999998
9.604000 9.551923 0.329740 0.546359 -0.000537 0.001404 -0.001043 0.999998
9.702000 9.663479 0.328907 0.563241 -0.000923 0.001558 -0.001035 0.999998
9.801000 9.758535 0.327587 0.567629 -0.001129 0.001576 -0.001027 0.999998
9.899000 9.857957 0.328541 0.556704 -0.000838 0.001474 -0.001021 0.999998
10.005000 9.967013 0.327950 0.564587 -0.000554 0.001547 -0.000994 0.999998
10.107000 10.060755 0.327441 0.563876 -0.000615 0.001523 -0.000993 0.999998
10.208000 10.162481 0.326825 0.571495 -0.000797 0.001534 -0.001017 0.999998
10.307000 10.246769 0.328080 0.580155 -0.000974 0.001621 -0.000987 0.999998
10.407000 10.361007 0.325792 0.576049 -0.001028 0.001558 -0.000975 0.999998
10.505000 10.455229 0.326784 0.573693 -0.000849 0.001577 -0.000939 0.999998
10.603000 10.563244 0.325236 0.563843 -0.000647 0.001453 -0.000884 0.999998
10.701000 10.651722 0.324468 0.569640 -0.000704 0.001464 -0.000921 0.999998
10.800000 10.764265 0.325446 0.574175 -0.000556 0.001527 -0.000867 0.999998
10.906000 10.866035 0.323750 0.571647 -0.000589 0.001468 -0.000853 0.999998
11.006000 10.964237 0.324883 0.572557 -0.000295 0.001465 -0.000872 0.999999
11.104000 11.045949 0.324931 0.582835 -0.000750 0.001513 -0.000901 0.999998
11.204000 11.161789 0.323059 0.573594 -0.000352 0.001468 -0.000855 0.999998
11.303000 11.255835 0.324641 0.566879 -0.000054 0.001435 -0.000880 0.999999
11.402000 11.352604 0.322174 0.566984 -0.000231 0.001430 -0.000853 0.999999
11.501000 11.438872 0.322627 0.565056 -0.000409 0.001367 -0.000878 0.999999
11.599000 11.549049 0.320492 0.574502 -0.000643 0.001424 -0.000849 0.999998
11.706000 11.652541 0.319707 0.566998 -0.000462 0.001373 -0.000840 0.999999
11.804000 11.750012 0.319798 0.564981 -0.000438 0.001380 -0.000834 0.999999
11.902000 11.850282 0.320582 0.560686 -0.000640 0.001317 -0.000854 0.999999
12.000000 11.955183 0.319413 0.560908 -0.001186 0.001225 -0.000857 0.999998
12.109000 12.069652 0.318657 0.570160 -0.001639 0.001304 -0.000860 0.999997
12.206000 12.167750 0.317525 0.568531 -0.001907 0.001261 -0.000849 0.999997
12.304000 12.262035 0.316768 0.579463 -0.002354 0.001338 -0.000847 0.999996
12.403000 12.370406 0.317215 0.572472 -0.002074 0.001302 -0.000840 0.999997
12.501000 12.459460 0.316945 0.580871 -0.001849 0.001391 -0.000823 0.999997
12.598000 12.554940 0.314328 0.592860 -0.002433 0.001485 -0.000822 0.999996
12.707000 12.659692 0.317699 0.586584 -0.002038 0.001384 -0.000786 0.999997
12.805000 12.767170 0.315715 0.587086 -0.002054 0.001397 -0.000770 0.999997
12.906000 12.867888 0.315989 0.590073 -0.001914 0.001462 -0.000817 0.999997
13.003000 12.968750 0.314510 0.598770 -0.002337 0.001514 -0.000794 0.999996
13.101000 13.077123 0.312099 0.604993 -0.002648 0.001549 -0.000789 0.999995
13.197000 13.165122 0.311848 0.611709 -0.002381 0.001568 -0.000826 0.999996
13.305000 13.270642 0.310344 0.606722 -0.002065 0.001515 -0.000845 0.999996
13.400000 13.367098 0.306933 0.619708 -0.002579 0.001678 -0.000813 0.999995
13.509000 13.469661 0.308834 0.630605 -0.003187 0.001644 -0.000887 0.999993
13.609000 13.578032 0.306797 0.618834 -0.002695 0.001576 -0.000847 0.999995
13.704000 13.663812 0.306288 0.623358 -0.002855 0.001608 -0.000866 0.999994
13.802000 13.770112 0.305737 0.619796 -0.002816 0.001542 -0.000866 0.999994
13.900000 13.867278 0.303644 0.629067 -0.003572 0.001581 -0.000869 0.999992
14.006000 13.972399 0.303888 0.614890 -0.002822 0.001514 -0.000851 0.999995
14.104000 14.064715 0.302835 0.619295 -0.003166 0.001510 -0.000848 0.999994
14.202000 14.166450 0.301555 0.619707 -0.002987 0.001446 -0.000824 0.999994
14.301000 14.255770 0.303723 0.625452 -0.003343 0.001557 -0.000867 0.999993
14.398000 14.356056 0.302699 0.617762 -0.002811 0.001488 -0.000824 0.999995
14.507000 14.463427 0.302945 0.612782 -0.002530 0.001439 -0.000825 0.999995
14.607000 14.567913 0.301964 0.626480 -0.002975 0.001517 -0.000820 0.999994
14.705000 14.662724 0.300736 0.625106 -0.002997 0.001541 -0.000804 0.999994
14.803000 14.765616 0.301787 0.606073 -0.002270 0.001331 -0.000792 0.999996
14.901000 14.859073 0.300510 0.617089 -0.002505 0.001406 -0.000762 0.999996
14.999000 14.959255 0.298735 0.629891 -0.003004 0.001461 -0.000780 0.999994
15.108000 15.062572 0.301822 0.623422 -0.002620 0.001424 -0.000839 0.999995
15.206000 15.160701 0.300563 0.617982 -0.002289 0.001392 -0.000816 0.999996
15.304000 15.266529 0.298448 0.620950 -0.002719 0.001339 -0.000801 0.999995
15.401000 15.364526 0.299461 0.616179 -0.002472 0.001304 -0.000818 0.999996
15.500000 15.461827 0.300157 0.605545 -0.001955 0.001220 -0.000805 0.999997
15.609000 15.558065 0.299388 0.607067 -0.001955 0.001196 -0.000799 0.999997
15.707000 15.668393 0.298399 0.609685 -0.002205 0.001200 -0.000784 0.999997
15.804000 15.763080 0.298077 0.616692 -0.002328 0.001278 -0.000782 0.999996
15.900000 15.859006 0.300779 0.598905 -0.001873 0.001117 -0.000808 0.999997
16.009000 15.974646 0.299205 0.594128 -0.001451 0.001114 -0.000768 0.999998
16.109000 16.066790 0.300645 0.589015 -0.001944 0.000976 -0.000810 0.999997
16.206000 16.165840 0.299506 0.606485 -0.002518 0.001107 -0.000805 0.999996
16.304000 16.264259 0.300518 0.601801 -0.002153 0.001058 -0.000797 0.999997
16.401000 16.357962 0.301543 0.593136 -0.001522 0.001027 -0.000802 0.999998
16.501000 16.462568 0.299083 0.608132 -0.002194 0.001115 -0.000795 0.999997
16.600000 16.565191 0.295865 0.617718 -0.002823 0.001164 -0.000909 0.999995
16.699000 16.661125 0.297022 0.619743 -0.003028 0.001163 -0.001084 0.999994
16.807000 16.769371 0.294963 0.617110 -0.003008 0.001203 -0.001174 0.999994
16.907000 16.868670 0.295132 0.618858 -0.003357 0.001133 -0.001244 0.999993
17.005000 16.969664 0.296164 0.618524 -0.003238 0.001145 -0.001353 0.999993
17.105000 17.061111 0.294561 0.633620 -0.003818 0.001227 -0.001297 0.999991
17.203000 17.161470 0.293066 0.642524 -0.003906 0.001292 -0.001337 0.999991
17.302000 17.258295 0.292291 0.635857 -0.003520 0.001193 -0.001335 0.999992
17.400000 17.360098 0.290572 0.629119 -0.003222 0.001111 -0.001316 0.999993
17.509000 17.475130 0.291274 0.639331 -0.003398 0.001116 -0.001361 0.999993
17.608000 17.577017 0.289133 0.644424 -0.003608 0.001124 -0.001343 0.999992
17.705000 17.674549 0.289893 0.641073 -0.003629 0.001037 -0.001366 0.999992
17.805000 17.768995 0.289303 0.639942 -0.003394 0.001066 -0.001350 0.999993
17.904000 17.871750 0.288249 0.655743 -0.004008 0.001159 -0.001364 0.999990
18.002000 17.965918 0.286198 0.657093 -0.004054 0.001117 -0.001338 0.999990
18.100000 18.071529 0.285744 0.648353 -0.003676 0.001066 -0.001331 0.999992
18.208000 18.168385 0.284164 0.656794 -0.004073 0.001093 -0.001332 0.999990
18.308000 18.266500 0.284308 0.667974 -0.004403 0.001217 -0.001354 0.999989
18.405000 18.372702 0.282676 0.667412 -0.004505 0.001064 -0.001337 0.999988
18.505000 18.463654 0.283171 0.657589 -0.004186 0.000994 -0.001342 0.999990
18.603000 18.569971 0.283259 0.651273 -0.004067 0.000963 -0.001338 0.999990
18.704000 18.658953 0.282084 0.655836 -0.004783 0.000971 -0.001344 0.999987
18.803000 18.770161 0.280474 0.651948 -0.005034 0.000888 -0.001323 0.999986
18.900000 18.867479 0.279192 0.645083 -0.005102 0.000826 -0.001338 0.999986
19.008000 18.983429 0.277794 0.645971 -0.004967 0.000913 -0.001287 0.999986
19.110000 19.066692 0.279021 0.638010 -0.004923 0.000855 -0.001324 0.999987
19.209000 19.169943 0.279339 0.631483 -0.005244 0.000724 -0.001355 0.999985
19.307000 19.265558 0.277854 0.638565 -0.006034 0.000677 -0.001360 0.999981
19.404000 19.367012 0.277353 0.629262 -0.005838 0.000647 -0.001346 0.999982
19.502000 19.461563 0.277679 0.621985 -0.005339 0.000642 -0.001335 0.999985
19.600000 19.570827 0.277260 0.616754 -0.005417 0.000584 -0.001337 0.999984
19.706000 19.668543 0.276367 0.613031 -0.005456 0.000520 -0.001333 0.999984
19.804000 19.767324 0.274484 0.612193 -0.005632 0.000482 -0.001314 0.999983
19.900000 19.860575 0.275659 0.602547 -0.005756 0.000352 -0.001341 0.999982
20.010000 19.970457 0.275638 0.593326 -0.006162 0.000165 -0.001364 0.999980
20.100000 20.067680 0.274876 0.589168 -0.006284 -0.000025 -0.001345 0.999979
20.209000 20.179693 0.274371 0.584829 -0.006142 -0.000031 -0.001330 0.999980
20.306000 20.271929 0.273816 0.585291 -0.006100 0.000017 -0.001321 0.999981
20.406000 20.372322 0.273994 0.580373 -0.005950 -0.000042 -0.001314 0.999981
20.506000 20.474972 0.273088 0.577804 -0.006040 -0.000189 -0.001300 0.999981
20.605000 20.572018 0.273447 0.577436 -0.005584 -0.000237 -0.001330 0.999983
20.705000 20.673143 0.273271 0.573535 -0.005778 -0.000307 -0.001369 0.999982
20.804000 20.780603 0.273596 0.573258 -0.005915 -0.000345 -0.001396 0.999981
20.902000 20.879898 0.273798 0.568652 -0.005884 -0.000475 -0.001414 0.999982
21.000000 20.968426 0.273245 0.567586 -0.005743 -0.000505 -0.001411 0.999982
21.109000 21.069214 0.272295 0.572957 -0.006170 -0.000467 -0.001438 0.999980
21.206000 21.166210 0.271772 0.569978 -0.005867 -0.000415 -0.001430 0.999982
21.306000 21.269833 0.272975 0.565463 -0.005337 -0.000403 -0.001443 0.999985
21.404000 21.361769 0.273387 0.555756 -0.004869 -0.000531 -0.001424 0.999987
21.502000 21.465492 0.275667 0.555949 -0.004684 -0.000399 -0.001459 0.999988
21.597000 21.565947 0.272176 0.558470 -0.005380 -0.000519 -0.001534 0.999984
21.704000 21.672880 0.273281 0.555270 -0.005248 -0.000783 -0.001643 0.999985
21.802000 21.764259 0.271891 0.557081 -0.005349 -0.000766 -0.001623 0.999984
21.900000 21.867302 0.271056 0.561893 -0.005444 -0.000643 -0.001599 0.999984
22.006000 21.975180 0.272819 0.549111 -0.004676 -0.000872 -0.001640 0.999987
22.103000 22.077288 0.274019 0.546979 -0.004184 -0.000985 -0.001645 0.999989
22.202000 22.166212 0.276549 0.554142 -0.004190 -0.000549 -0.001522 0.999990
22.297000 22.267502 0.277554 0.548386 -0.004075 -0.000600 -0.001484 0.999990
22.403000 22.373575 0.276423 0.548287 -0.003863 -0.000694 -0.001599 0.999991
22.502000 22.475111 0.277307 0.538355 -0.003108 -0.000774 -0.001635 0.999994
22.600000 22.567106 0.277322 0.541532 -0.003252 -0.000725 -0.001617 0.999993
22.707000 22.676905 0.277249 0.544049 -0.003109 -0.000792 -0.001642 0.999994
22.804000 22.780411 0.278409 0.528403 -0.002360 -0.000831 -0.001569 0.999996
22.901000 22.878016 0.278237 0.524313 -0.001960 -0.001012 -0.001700 0.999996
23.001000 22.961006 0.279121 0.532394 -0.001955 -0.000787 -0.001661 0.999996
23.100000 23.054029 0.279439 0.533665 -0.002122 -0.000913 -0.001787 0.999996
23.209000 23.168608 0.277413 0.532646 -0.002327 -0.000901 -0.001608 0.999996
23.307000 23.256588 0.277554 0.529156 -0.002242 -0.001015 -0.001619 0.999996
23.406000 23.360950 0.277783 0.520843 -0.001905 -0.001068 -0.001454 0.999997
23.503000 23.468882 0.277654 0.518149 -0.001753 -0.001149 -0.001461 0.999997
23.601000 23.575274 0.278021 0.505769 -0.001674 -0.001278 -0.001299 0.999997
23.707000 23.675114 0.274128 0.518012 -0.002841 -0.001370 -0.001107 0.999994
23.806000 23.766647 0.273968 0.524760 -0.003223 -0.001397 -0.001123 0.999993
23.902000 23.863726 0.276224 0.518743 -0.002751 -0.001326 -0.001002 0.999995
24.000000 23.960880 0.275220 0.524451 -0.002953 -0.001454 -0.000990 0.999994
24.105000 24.081619 0.274383 0.523314 -0.003122 -0.001550 -0.000965 0.999993
24.202000 24.168531 0.275627 0.512795 -0.002870 -0.001630 -0.000994 0.999994
24.300000 24.257963 0.276385 0.509432 -0.001967 -0.001533 -0.000919 0.999996
24.407000 24.369001 0.274451 0.516537 -0.002752 -0.001579 -0.000942 0.999995
24.505000 24.474922 0.273351 0.515996 -0.003293 -0.001926 -0.000895 0.999992
24.604000 24.566250 0.274292 0.512517 -0.002880 -0.002033 -0.000909 0.999993
24.704000 24.663750 0.275067 0.509772 -0.002564 -0.002169 -0.000943 0.999994
24.800000 24.762941 0.274507 0.510305 -0.002712 -0.002172 -0.000931 0.999994
24.908000 24.868345 0.275136 0.512236 -0.002610 -0.002056 -0.000940 0.999994
25.005000 24.961294 0.274681 0.515734 -0.002850 -0.002081 -0.000949 0.999993
25.102000 25.054926 0.274654 0.511835 -0.002922 -0.002278 -0.000940 0.999993
25.199000 25.132036 0.272100 0.521714 -0.003712 -0.002018 -0.000926 0.999991
25.306000 25.254772 0.268502 0.531467 -0.004800 -0.001952 -0.000908 0.999986
25.408000 25.344870 0.270061 0.532527 -0.004301 -0.001795 -0.000914 0.999989
25.504000 25.446360 0.270398 0.538489 -0.004027 -0.001580 -0.000895 0.999990
25.602000 25.563915 0.269144 0.540054 -0.004127 -0.001571 -0.000873 0.999990
25.699000 25.668888 0.267325 0.544322 -0.005211 -0.001395 -0.000888 0.999985
25.806000 25.765362 0.264827 0.559839 -0.005703 -0.001148 -0.000881 0.999983
25.907000 25.858768 0.264950 0.558483 -0.005756 -0.001119 -0.000877 0.999982
26.004000 25.959311 0.263864 0.553361 -0.006146 -0.001059 -0.000882 0.999980
26.102000 26.063881 0.264419 0.541690 -0.005418 -0.001163 -0.000897 0.999984
26.204000 26.148911 0.264832 0.545645 -0.005583 -0.001223 -0.000863 0.999983
26.303000 26.251913 0.265376 0.549224 -0.005315 -0.001181 -0.000859 0.999985
26.401000 26.359978 0.264451 0.540856 -0.005186 -0.001147 -0.000859 0.999986
26.502000 26.459198 0.264570 0.538996 -0.005222 -0.001189 -0.000853 0.999985
26.599000 26.555357 0.264450 0.537444 -0.005380 -0.001110 -0.000898 0.999985
26.707000 26.647663 0.264499 0.529983 -0.005131 -0.001221 -0.000822 0.999986
26.805000 26.744713 0.265863 0.526432 -0.004651 -0.001231 -0.000834 0.999988
26.904000 26.842285 0.264280 0.531259 -0.004958 -0.001305 -0.000890 0.999986
27.002000 26.943279 0.264776 0.534937 -0.004863 -0.001226 -0.000866 0.999987
27.099000 27.049892 0.266265 0.530849 -0.004480 -0.001126 -0.000890 0.999989
27.207000 27.159925 0.265047 0.535654 -0.004405 -0.001151 -0.000903 0.999989
27.305000 27.257559 0.264156 0.538613 -0.004801 -0.001213 -0.000960 0.999987
27.403000 27.355671 0.264879 0.527733 -0.004352 -0.001310 -0.001000 0.999989
27.500000 27.447952 0.265117 0.522247 -0.004399 -0.001337 -0.001021 0.999989
27.607000 27.563940 0.264445 0.517755 -0.004510 -0.001439 -0.001049 0.999988
27.705000 27.658588 0.266534 0.514022 -0.003638 -0.001469 -0.000989 0.999992
27.804000 27.747316 0.265947 0.516199 -0.003669 -0.001600 -0.001074 0.999991
27.902000 27.840401 0.266774 0.510769 -0.003522 -0.001532 -0.000926 0.999992
28.000000 27.960852 0.265927 0.517022 -0.003814 -0.001549 -0.000924 0.999991
28.110000 28.074938 0.265620 0.512315 -0.003519 -0.001645 -0.001054 0.999992
28.208000 28.164312 0.263928 0.523041 -0.004191 -0.001584 -0.000924 0.999990
28.304000 28.263002 0.265459 0.519063 -0.003912 -0.001681 -0.000871 0.999991
28.401000 28.376160 0.264491 0.510603 -0.003955 -0.001719 -0.000922 0.999990
28.501000 28.466768 0.263950 0.500679 -0.003906 -0.001738 -0.001019 0.999990
28.599000 28.556204 0.266353 0.499794 -0.002861 -0.001674 -0.000879 0.999994
28.707000 28.659903 0.267365 0.489786 -0.002628 -0.001716 -0.000984 0.999995
28.805000 28.771269 0.265477 0.495242 -0.003567 -0.001692 -0.000960 0.999992
28.904000 28.864109 0.263992 0.499081 -0.003908 -0.001843 -0.001160 0.999990
29.002000 28.961664 0.265090 0.497887 -0.003566 -0.001804 -0.001162 0.999991
29.100000 29.062193 0.264944 0.493349 -0.003411 -0.001851 -0.001226 0.999992
29.210000 29.163372 0.263494 0.489729 -0.003893 -0.001881 -0.001187 0.999990
29.307000 29.260956 0.262436 0.492446 -0.004322 -0.001874 -0.001204 0.999988
29.404000 29.355928 0.264980 0.488554 -0.002772 -0.001842 -0.001201 0.999994
29.502000 29.441591 0.262320 0.496810 -0.003738 -0.001822 -0.001222 0.999991
29.599000 29.546227 0.261727 0.506065 -0.003622 -0.001845 -0.001223 0.999991
29.704000 29.657356 0.260812 0.517306 -0.004367 -0.001776 -0.001253 0.999988
29.803000 29.757242 0.260960 0.518232 -0.004262 -0.001750 -0.001254 0.999989
29.901000 29.853119 0.260013 0.519087 -0.004414 -0.001748 -0.001263 0.999988
30.000000 29.954262 0.259479 0.523101 -0.004284 -0.001825 -0.001255 0.999988
30.107000 30.067633 0.257416 0.521174 -0.005184 -0.001886 -0.001264 0.999984
30.207000 30.150635 0.259787 0.520681 -0.004261 -0.001788 -0.001263 0.999988
30.306000 30.245323 0.260689 0.515763 -0.003162 -0.001862 -0.001262 0.999992
30.402000 30.344133 0.259320 0.511780 -0.003706 -0.001900 -0.001272 0.999991
30.498000 30.451614 0.257276 0.516437 -0.004369 -0.001902 -0.001276 0.999988
30.606000 30.567387 0.257351 0.518642 -0.004239 -0.001894 -0.001288 0.999988
30.702000 30.647865 0.255651 0.528855 -0.004527 -0.001870 -0.001292 0.999987
30.800000 30.743994 0.255579 0.523565 -0.004483 -0.001887 -0.001300 0.999987
30.906000 30.867781 0.254721 0.518061 -0.004860 -0.002045 -0.001307 0.999985
31.005000 30.961233 0.256285 0.520627 -0.004064 -0.002000 -0.001305 0.999989
31.104000 31.060638 0.256414 0.523464 -0.003968 -0.001998 -0.001309 0.999989
31.203000 31.171419 0.255821 0.518525 -0.004162 -0.002015 -0.001312 0.999988
31.302000 31.275679 0.255074 0.515146 -0.004304 -0.002091 -0.001308 0.999988
31.404000 31.373812 0.255962 0.516004 -0.003985 -0.002093 -0.001311 0.999989
31.499000 31.446974 0.254309 0.523033 -0.004498 -0.002148 -0.001322 0.999987
31.608000 31.563803 0.252029 0.521822 -0.005162 -0.002230 -0.001311 0.999983
31.705000 31.667976 0.251974 0.528780 -0.004920 -0.002193 -0.001300 0.999985
31.804000 31.756166 0.252797 0.528988 -0.004491 -0.002142 -0.001304 0.999987
31.901000 31.860147 0.252877 0.522163 -0.004370 -0.002162 -0.001318 0.999987
31.997000 31.969467 0.251371 0.524555 -0.004803 -0.002224 -0.001319 0.999985
32.106000 32.071888 0.249979 0.529250 -0.005155 -0.002208 -0.001324 0.999983
32.204000 32.162609 0.249906 0.532109 -0.005357 -0.002191 -0.001335 0.999982
32.302000 32.267124 0.251702 0.522605 -0.004515 -0.002167 -0.001330 0.999987
32.401000 32.371521 0.250528 0.523165 -0.004976 -0.002229 -0.001333 0.999984
32.501000 32.473835 0.248534 0.523328 -0.005409 -0.002257 -0.001329 0.999982
32.599000 32.564545 0.249078 0.528791 -0.004834 -0.002252 -0.001329 0.999985
32.708000 32.676941 0.249647 0.527718 -0.004906 -0.002262 -0.001332 0.999985
32.806000 32.775719 0.248468 0.525566 -0.005350 -0.002289 -0.001316 0.999982
32.902000 32.876099 0.247682 0.527129 -0.005419 -0.002266 -0.001352 0.999982
33.002000 32.978310 0.248158 0.518699 -0.005013 -0.002298 -0.001200 0.999984
33.100000 33.075089 0.247777 0.511053 -0.005080 -0.002305 -0.001257 0.999984
33.211000 33.198074 0.246111 0.520832 -0.005844 -0.002350 -0.001278 0.999979
33.298000 33.283459 0.246639 0.520600 -0.005114 -0.002373 -0.001287 0.999983
33.405000 33.379570 0.246752 0.523733 -0.005143 -0.002349 -0.001303 0.999983
33.503000 33.469997 0.246359 0.522043 -0.004922 -0.002354 -0.001308 0.999984
33.601000 33.577465 0.246206 0.519700 -0.004955 -0.002411 -0.001309 0.999984
33.696000 33.683182 0.245714 0.520436 -0.005268 -0.002448 -0.001333 0.999982
33.803000 33.780930 0.247640 0.517160 -0.004190 -0.002449 -0.001326 0.999987
33.901000 33.874683 0.246773 0.514285 -0.004576 -0.002455 -0.001328 0.999986
34.001000 33.975750 0.245348 0.519191 -0.005064 -0.002444 -0.001383 0.999983
34.098000 34.067490 0.245537 0.514603 -0.005245 -0.002523 -0.001306 0.999982
34.206000 34.179073 0.247541 0.518929 -0.003874 -0.002505 -0.001354 0.999988
34.302000 34.267521 0.247197 0.512533 -0.004015 -0.002628 -0.001387 0.999988
34.400000 34.377407 0.244991 0.520864 -0.004762 -0.002575 -0.001377 0.999984
34.508000 34.482811 0.244230 0.521815 -0.004802 -0.002629 -0.001389 0.999984
34.607000 34.571617 0.245695 0.520421 -0.004158 -0.002570 -0.001402 0.999987
34.706000 34.669273 0.243420 0.528435 -0.004975 -0.002597 -0.001417 0.999983
34.804000 34.785316 0.242969 0.520097 -0.004950 -0.002705 -0.001413 0.999983
34.901000 34.873882 0.243803 0.515254 -0.004111 -0.002691 -0.001413 0.999987
34.998000 34.967861 0.244257 0.521424 -0.004158 -0.002616 -0.001431 0.999987
35.103000 35.084396 0.244346 0.509268 -0.004145 -0.002650 -0.001440 0.999987
35.201000 35.182354 0.242789 0.514859 -0.004595 -0.002679 -0.001446 0.999985
35.301000 35.272224 0.242308 0.521270 -0.004495 -0.002707 -0.001444 0.999985
35.395000 35.366322 0.241731 0.520356 -0.004809 -0.002727 -0.001462 0.999984
35.502000 35.473625 0.241711 0.515052 -0.004655 -0.002772 -0.001505 0.999984
35.600000 35.571751 0.241067 0.512433 -0.004878 -0.002810 -0.001532 0.999983
35.708000 35.679024 0.239306 0.515785 -0.005667 -0.002768 -0.001544 0.999979
35.807000 35.769939 0.240674 0.518118 -0.004542 -0.002685 -0.001532 0.999985
35.906000 35.876118 0.239577 0.525894 -0.004881 -0.002826 -0.001538 0.999983
36.003000 35.977341 0.240261 0.517419 -0.004491 -0.002834 -0.001541 0.999985
36.102000 36.065834 0.239397 0.528630 -0.004641 -0.002774 -0.001546 0.999984
36.202000 36.170593 0.238619 0.520791 -0.004621 -0.002843 -0.001558 0.999984
36.301000 36.269722 0.237613 0.520395 -0.004732 -0.002912 -0.001530 0.999983
36.398000 36.374954 0.237861 0.530751 -0.004661 -0.002785 -0.001441 0.999984
36.506000 36.480556 0.236775 0.529489 -0.005130 -0.002778 -0.001213 0.999982
36.603000 36.569042 0.237793 0.525875 -0.004453 -0.002800 -0.001134 0.999986
36.701000 36.680923 0.237468 0.519685 -0.004510 -0.002899 -0.000917 0.999985
36.799000 36.777187 0.237927 0.528639 -0.004340 -0.002910 -0.000825 0.999986
36.906000 36.885715 0.237031 0.530364 -0.004609 -0.002972 -0.000778 0.999985
37.004000 36.984138 0.238063 0.518717 -0.004131 -0.002949 -0.000708 0.999987
37.103000 37.085361 0.237418 0.520976 -0.004151 -0.002985 -0.000604 0.999987
37.202000 37.184860 0.236339 0.521245 -0.004382 -0.002973 -0.000692 0.999986
37.299000 37.289009 0.235786 0.529646 -0.004964 -0.003042 -0.000591 0.999983
37.405000 37.391884 0.236399 0.522726 -0.004228 -0.003147 -0.000516 0.999986
37.507000 37.483650 0.236528 0.518681 -0.004160 -0.003084 -0.000510 0.999986
37.604000 37.587250 0.235642 0.520535 -0.004576 -0.003127 -0.000279 0.999985
37.703000 37.691181 0.235819 0.516822 -0.004415 -0.003163 -0.000149 0.999985
37.800000 37.782135 0.235801 0.515698 -0.004493 -0.003128 -0.000144 0.999985
37.905000 37.887409 0.236076 0.517801 -0.004448 -0.003122 -0.000063 0.999985
38.002000 37.982166 0.234776 0.518139 -0.004799 -0.003120 -0.000134 0.999984
38.098000 38.079510 0.235547 0.515660 -0.004484 -0.003206 -0.000184 0.999985
38.205000 38.162487 0.233572 0.522396 -0.004985 -0.003195 -0.000196 0.999982
38.301000 38.263721 0.233470 0.524480 -0.004930 -0.003173 -0.000192 0.999983
38.398000 38.363426 0.232211 0.523934 -0.005338 -0.003211 -0.000210 0.999981
38.506000 38.484123 0.233107 0.525513 -0.005186 -0.003224 -0.000203 0.999981
38.606000 38.582516 0.231963 0.532635 -0.005540 -0.003217 -0.000209 0.999979
38.705000 38.683151 0.231418 0.524469 -0.005702 -0.003248 -0.000210 0.999978
38.805000 38.787476 0.231419 0.521629 -0.005769 -0.003265 -0.000214 0.999978
38.904000 38.891262 0.231126 0.524760 -0.005929 -0.003280 -0.000213 0.999977
39.002000 38.978600 0.231443 0.533557 -0.005602 -0.003352 -0.000211 0.999979
39.100000 39.067890 0.232698 0.529286 -0.004873 -0.003345 -0.000195 0.999982
39.209000 39.193287 0.231923 0.520143 -0.005252 -0.003318 -0.000191 0.999981
39.306000 39.300285 0.228927 0.540116 -0.006522 -0.003347 -0.000195 0.999973
39.405000 39.383339 0.229863 0.539320 -0.005952 -0.003346 -0.000187 0.999977
39.504000 39.471054 0.230812 0.532084 -0.005551 -0.003394 -0.000190 0.999979
39.604000 39.575928 0.232173 0.532423 -0.005458 -0.003293 -0.000207 0.999980
39.707000 39.692802 0.231727 0.530031 -0.005655 -0.003467 -0.000182 0.999978
39.805000 39.783119 0.230986 0.534806 -0.005964 -0.003414 -0.000188 0.999976
