0.000000 0.481567 -0.000284 0.237997 -0.000000 -0.000003 -0.001531 0.999999
0.070000 0.531506 -0.000435 0.237997 -0.000006 0.000007 -0.001757 0.999998
0.111000 0.583486 -0.000610 0.237997 0.000009 0.000003 -0.001515 0.999999
0.153000 0.643471 -0.000722 0.237998 0.000020 0.000012 -0.000952 1.000000
0.198000 0.693459 -0.000811 0.237999 -0.000001 -0.000002 -0.000747 1.000000
0.253000 0.738371 -0.000873 0.237999 -0.000001 0.000002 -0.000757 1.000000
0.297000 0.785366 -0.000945 0.237995 0.000003 -0.000002 -0.000943 1.000000
0.355000 0.845902 -0.000997 0.237998 0.000005 -0.000001 -0.000103 1.000000
0.399000 0.889445 -0.000960 0.237999 -0.000003 -0.000001 0.000079 1.000000
0.455000 0.946475 -0.001013 0.238002 -0.000016 0.000004 -0.000079 1.000000
0.497000 0.990109 -0.001000 0.237998 0.000003 0.000000 0.000893 1.000000
0.576000 1.070663 -0.000782 0.237999 0.000007 0.000001 0.001775 0.999998
0.616000 1.086680 -0.000704 0.237997 0.000002 -0.000007 0.001751 0.999998
0.652000 1.147314 -0.000451 0.237998 0.000004 0.000000 0.003270 0.999995
0.699000 1.181559 -0.000206 0.237996 0.000003 -0.000003 0.004041 0.999992
0.747000 1.232832 0.000238 0.237999 0.000005 0.000002 0.004575 0.999990
0.799000 1.284700 0.000839 0.237998 0.000003 0.000001 0.005177 0.999987
0.850000 1.336726 0.001414 0.237998 0.000006 -0.000002 0.005515 0.999985
0.897000 1.382836 0.001949 0.237998 0.000008 -0.000001 0.006525 0.999979
0.952000 1.439599 0.002824 0.237997 0.000006 -0.000001 0.007596 0.999971
0.997000 1.490480 0.003595 0.237999 -0.000002 0.000004 0.007665 0.999971
1.055000 1.540923 0.004352 0.237998 0.000004 -0.000003 0.007680 0.999971
1.101000 1.552975 0.004567 0.237998 0.000006 -0.000003 0.007581 0.999971
1.154000 1.642850 0.006043 0.237998 0.000005 -0.000002 0.009238 0.999957
1.198000 1.684281 0.006813 0.237999 0.000001 -0.000002 0.009211 0.999958
1.253000 1.738273 0.007862 0.237996 0.000012 -0.000001 0.009328 0.999956
1.297000 1.784928 0.008771 0.237997 0.000005 -0.000001 0.010511 0.999945
1.353000 1.838432 0.009948 0.237998 0.000004 0.000001 0.011335 0.999936
1.397000 1.891434 0.011264 0.237996 0.000003 -0.000002 0.011792 0.999930
1.456000 1.936104 0.012352 0.237998 -0.000001 -0.000003 0.012206 0.999925
1.498000 1.988384 0.013680 0.237998 0.000003 -0.000002 0.013101 0.999914
1.551000 2.038382 0.015119 0.237998 -0.000001 0.000002 0.014042 0.999901
1.598000 2.085030 0.016474 0.237998 0.000003 0.000001 0.014883 0.999889
1.658000 2.151571 0.018529 0.237998 0.000003 -0.000002 0.015020 0.999887
1.701000 2.187562 0.019599 0.237991 0.000027 -0.000016 0.015069 0.999886
1.758000 2.245227 0.021344 0.237997 0.000004 -0.000001 0.016223 0.999868
1.800000 2.287754 0.022747 0.237998 0.000006 -0.000003 0.016616 0.999862
1.861000 2.340800 0.024509 0.237997 -0.000000 -0.000005 0.016704 0.999860
1.902000 2.393436 0.026296 0.237998 0.000003 -0.000000 0.017538 0.999846
1.957000 2.445830 0.028180 0.237998 0.000003 -0.000004 0.018315 0.999832
1.998000 2.492857 0.029928 0.237997 0.000002 -0.000004 0.018586 0.999827
2.057000 2.546551 0.031995 0.237998 0.000007 0.000000 0.018692 0.999825
2.098000 2.585790 0.033498 0.238000 0.000010 0.000008 0.019673 0.999806
2.153000 2.643061 0.035789 0.237998 0.000003 0.000001 0.020317 0.999794
2.198000 2.689908 0.037825 0.237997 -0.000002 -0.000001 0.020951 0.999781
2.248000 2.738914 0.039902 0.237998 -0.000004 -0.000007 0.021054 0.999778
2.298000 2.791201 0.042117 0.237998 -0.000010 0.000007 0.021187 0.999776
2.349000 2.833150 0.043868 0.237997 0.000009 -0.000001 0.021365 0.999772
2.397000 2.885828 0.046170 0.237998 0.000003 -0.000004 0.022259 0.999752
2.456000 2.945229 0.048886 0.237998 -0.000008 0.000006 0.022701 0.999742
2.502000 2.994139 0.050976 0.237996 -0.000003 -0.000004 0.022941 0.999737
2.571000 3.024845 0.052416 0.237998 0.000005 0.000001 0.023607 0.999721
2.614000 3.086271 0.055358 0.237998 0.000006 0.000000 0.024099 0.999710
2.658000 3.143216 0.058192 0.237995 0.000009 -0.000002 0.024070 0.999710
2.699000 3.186850 0.060339 0.237998 0.000005 0.000001 0.025102 0.999685
2.751000 3.238257 0.062964 0.237998 0.000004 -0.000003 0.026052 0.999661
2.798000 3.287202 0.065629 0.237997 0.000002 -0.000001 0.026397 0.999652
2.849000 3.341759 0.068584 0.237998 0.000003 -0.000003 0.027131 0.999632
2.899000 3.394026 0.071465 0.237998 0.000000 0.000003 0.027557 0.999620
2.957000 3.449945 0.074539 0.237997 -0.000013 -0.000006 0.027361 0.999626
2.997000 3.477701 0.076072 0.237998 0.000002 0.000000 0.027837 0.999612
3.048000 3.544004 0.079839 0.238001 0.000017 0.000000 0.028372 0.999597
3.099000 3.591956 0.082565 0.237998 0.000006 -0.000003 0.028239 0.999601
3.154000 3.640619 0.085345 0.237998 0.000006 0.000001 0.029101 0.999576
3.197000 3.687952 0.088136 0.237998 0.000005 -0.000004 0.029817 0.999555
3.250000 3.743970 0.091536 0.237997 -0.000002 -0.000000 0.029971 0.999551
3.297000 3.783750 0.093959 0.237997 0.000002 -0.000001 0.030455 0.999536
3.351000 3.846891 0.097910 0.237998 0.000001 -0.000002 0.031881 0.999492
3.401000 3.877924 0.099896 0.237998 0.000008 0.000001 0.032197 0.999482
3.454000 3.941641 0.104126 0.237997 -0.000002 -0.000002 0.032956 0.999457
3.500000 3.987510 0.107173 0.238001 0.000007 0.000007 0.033093 0.999452
3.555000 4.042532 0.110869 0.237999 0.000007 0.000004 0.034002 0.999422
3.598000 4.089363 0.114185 0.237997 -0.000005 -0.000003 0.035084 0.999384
3.676000 4.123995 0.116641 0.237998 0.000004 0.000001 0.035460 0.999371
3.720000 4.169336 0.119889 0.238001 0.000016 -0.000000 0.035623 0.999365
3.755000 4.241142 0.125209 0.237996 -0.000002 -0.000004 0.036924 0.999318
3.798000 4.278100 0.127999 0.237998 0.000002 0.000003 0.037881 0.999282
3.853000 4.347278 0.133305 0.237998 0.000005 -0.000000 0.038522 0.999258
3.900000 4.384171 0.136180 0.237996 0.000005 -0.000004 0.038343 0.999265
3.950000 4.441598 0.140595 0.237998 0.000004 0.000001 0.039291 0.999228
3.997000 4.483181 0.143893 0.237998 0.000003 -0.000001 0.039906 0.999203
4.057000 4.550092 0.149358 0.237996 0.000016 0.000000 0.040372 0.999185
4.101000 4.577736 0.151616 0.237998 0.000005 0.000001 0.041378 0.999144
4.174000 4.664873 0.158994 0.237998 0.000007 0.000001 0.043023 0.999074
4.215000 4.685795 0.160835 0.237997 0.000003 -0.000000 0.043204 0.999066
4.254000 4.741266 0.165733 0.237998 0.000001 -0.000001 0.043995 0.999032
4.301000 4.790696 0.170095 0.237999 0.000003 0.000002 0.044216 0.999022
4.350000 4.836609 0.174233 0.237997 0.000010 0.000001 0.045388 0.998969
4.397000 4.881259 0.178393 0.237998 0.000004 0.000001 0.046301 0.998928
4.449000 4.933813 0.183236 0.237998 0.000002 -0.000000 0.046439 0.998921
4.497000 4.985588 0.188058 0.237998 0.000001 -0.000001 0.046096 0.998937
4.558000 5.050286 0.194008 0.237998 0.000002 0.000001 0.045570 0.998961
4.603000 5.079322 0.196657 0.237998 0.000002 0.000004 0.045304 0.998973
4.664000 5.157665 0.203762 0.237996 -0.000000 -0.000000 0.045032 0.998986
4.706000 5.182574 0.206007 0.237997 0.000000 0.000002 0.044947 0.998989
4.753000 5.242334 0.211386 0.237998 0.000000 0.000003 0.044771 0.998997
4.797000 5.281177 0.214875 0.237998 0.000001 0.000003 0.044678 0.999001
4.851000 5.338945 0.220057 0.237998 0.000001 0.000002 0.044559 0.999007
4.897000 5.384809 0.224156 0.237998 -0.000002 0.000001 0.044461 0.999011
4.959000 5.451580 0.230108 0.237998 -0.000000 0.000003 0.044398 0.999014
5.001000 5.482459 0.232860 0.237997 0.000001 0.000002 0.044353 0.999016
5.058000 5.549197 0.238796 0.237998 0.000001 0.000004 0.044290 0.999019
5.124000 5.581057 0.241638 0.238000 0.000003 0.000007 0.044007 0.999031
5.157000 5.644802 0.247050 0.238001 0.000002 0.000002 0.040439 0.999182
5.203000 5.670551 0.249107 0.237998 0.000001 -0.000002 0.039294 0.999228
5.255000 5.737039 0.254153 0.237999 -0.000000 -0.000000 0.036417 0.999337
5.298000 5.782030 0.257400 0.237998 -0.000002 0.000000 0.035017 0.999387
5.352000 5.832863 0.260905 0.237998 -0.000000 -0.000002 0.033915 0.999425
5.397000 5.886250 0.264456 0.238000 0.000006 0.000004 0.032399 0.999475
5.450000 5.936358 0.267630 0.237997 -0.000001 -0.000001 0.031354 0.999508
5.498000 5.987260 0.270767 0.237998 -0.000001 0.000004 0.030277 0.999542
5.560000 6.040163 0.273939 0.237996 0.000005 -0.000099 0.029335 0.999570
5.605000 6.060128 0.275117 0.237996 0.000008 -0.000158 0.029059 0.999578
5.661000 6.139928 0.279702 0.237996 0.000005 -0.000124 0.027981 0.999608
5.704000 6.184842 0.282203 0.237996 0.000005 -0.000122 0.027604 0.999619
5.758000 6.239751 0.285225 0.237996 0.000005 -0.000118 0.027271 0.999628
5.803000 6.282634 0.287553 0.237997 0.000008 -0.000089 0.027068 0.999634
5.853000 6.332135 0.290135 0.237998 0.000001 0.000006 0.025097 0.999685
5.899000 6.390032 0.292941 0.237997 0.000002 -0.000002 0.023395 0.999726
5.949000 6.430993 0.294816 0.237999 0.000007 -0.000001 0.022560 0.999745
5.997000 6.471959 0.296625 0.237998 -0.000002 0.000004 0.021483 0.999769
6.078000 6.523328 0.298761 0.237998 -0.000002 0.000001 0.020301 0.999794
6.122000 6.568320 0.300561 0.237997 -0.000001 0.000003 0.019242 0.999815
6.155000 6.645208 0.303417 0.237997 0.000015 -0.000049 0.017777 0.999842
6.199000 6.685179 0.304828 0.237997 0.000010 -0.000128 0.017246 0.999851
6.255000 6.737134 0.306609 0.237997 0.000002 -0.000037 0.016541 0.999863
6.299000 6.790035 0.308345 0.237996 0.000003 -0.000073 0.016289 0.999867
6.352000 6.842012 0.310034 0.237996 0.000004 -0.000095 0.015963 0.999873
6.398000 6.879992 0.311241 0.237996 -0.000008 -0.000085 0.015964 0.999873
6.447000 6.926992 0.312747 0.237996 0.000003 -0.000149 0.015895 0.999874
6.499000 6.975962 0.314293 0.237996 0.000003 -0.000112 0.015703 0.999877
6.548000 7.038942 0.316271 0.237995 0.000004 -0.000156 0.015693 0.999877
6.597000 7.085879 0.317728 0.237996 0.000007 -0.000124 0.015782 0.999875
6.653000 7.137072 0.319342 0.237996 0.000004 -0.000117 0.015751 0.999876
6.697000 7.179069 0.320665 0.237996 0.000003 -0.000071 0.015718 0.999876
6.749000 7.232978 0.322360 0.237996 0.000003 -0.000020 0.015688 0.999877
6.797000 7.282917 0.323926 0.237996 0.000002 -0.000024 0.015666 0.999877
6.856000 7.343831 0.325819 0.237994 0.000003 0.000014 0.015244 0.999884
6.899000 7.384627 0.327011 0.237997 -0.000003 0.000000 0.012750 0.999919
6.957000 7.441501 0.328335 0.237997 -0.000002 -0.000005 0.010230 0.999948
6.999000 7.480486 0.329106 0.237998 -0.000000 -0.000003 0.009285 0.999957
7.070000 7.526507 0.329880 0.237999 -0.000009 0.000004 0.007660 0.999971
7.112000 7.560317 0.330365 0.237998 0.000000 -0.000001 0.006607 0.999978
7.147000 7.633267 0.331246 0.237998 0.000001 -0.000002 0.004967 0.999988
7.198000 7.675287 0.331631 0.237999 0.000004 0.000001 0.003883 0.999992
7.257000 7.747522 0.332083 0.237998 0.000002 0.000001 0.002344 0.999997
7.300000 7.782120 0.332244 0.237997 -0.000002 0.000004 0.001748 0.999998
7.356000 7.847486 0.332399 0.237997 0.000001 0.000004 0.000693 1.000000
7.399000 7.877485 0.332426 0.237998 -0.000000 0.000004 0.000284 1.000000
7.452000 7.937480 0.332434 0.237998 0.000000 0.000003 -0.000443 1.000000
7.521000 7.975478 0.332402 0.237998 0.000001 0.000002 -0.000840 1.000000
7.558000 8.031477 0.332284 0.237998 0.000000 0.000001 -0.001251 0.999999
7.603000 8.079477 0.332176 0.237998 -0.000006 0.000001 -0.001468 0.999999
7.648000 8.131490 0.331989 0.237998 0.000002 0.000001 -0.001654 0.999999
7.697000 8.182418 0.331729 0.237999 0.000002 0.000004 -0.001563 0.999999
7.756000 8.237371 0.331556 0.237999 -0.000001 0.000003 -0.001727 0.999999
7.804000 8.289387 0.331362 0.237998 0.000003 0.000002 -0.001856 0.999998
7.854000 8.337270 0.331140 0.237999 -0.000001 0.000006 -0.002021 0.999998
7.902000 8.382308 0.330955 0.237998 0.000002 0.000003 -0.002104 0.999998
7.952000 8.435328 0.330734 0.237998 -0.000000 0.000003 -0.002178 0.999998
7.999000 8.446326 0.330684 0.237998 0.000002 0.000004 -0.002189 0.999998
8.050000 8.539440 0.330260 0.237998 0.000000 0.000004 -0.002357 0.999997
8.098000 8.585492 0.330042 0.237998 0.000001 0.000004 -0.002385 0.999997
8.156000 8.640475 0.329780 0.237998 0.000002 0.000004 -0.002468 0.999997
8.198000 8.679481 0.329587 0.237999 0.000001 0.000007 -0.002511 0.999997
8.250000 8.737822 0.329294 0.237998 0.000000 0.000005 -0.002526 0.999997
8.301000 8.787830 0.329041 0.237997 0.000001 0.000003 -0.002546 0.999997
8.351000 8.835830 0.328795 0.237998 0.000001 0.000005 -0.002561 0.999997
8.397000 8.888830 0.328523 0.237998 0.000001 0.000005 -0.002578 0.999997
8.447000 8.929830 0.328312 0.237997 0.000000 0.000004 -0.002588 0.999997
8.497000 8.978831 0.328058 0.237998 0.000001 0.000005 -0.002593 0.999997
8.559000 9.041830 0.327731 0.237998 0.000001 0.000005 -0.002603 0.999997
8.601000 9.085831 0.327502 0.237997 0.000001 0.000004 -0.002610 0.999997
8.659000 9.141833 0.327209 0.237998 0.000001 0.000005 -0.002614 0.999997
8.700000 9.188832 0.326963 0.237998 0.000001 0.000005 -0.002620 0.999997
8.755000 9.245833 0.326664 0.237997 0.000001 0.000004 -0.002626 0.999997
8.798000 9.285834 0.326454 0.237998 0.000001 0.000005 -0.002629 0.999997
8.851000 9.332834 0.326207 0.237998 0.000001 0.000006 -0.002632 0.999997
8.899000 9.385833 0.325928 0.237998 0.000001 0.000006 -0.002635 0.999997
8.949000 9.435835 0.325664 0.237998 0.000001 0.000006 -0.002637 0.999997
8.998000 9.463835 0.325516 0.237998 0.000001 0.000006 -0.002638 0.999997
9.057000 9.542834 0.325099 0.237998 0.000000 0.000006 -0.002641 0.999997
9.099000 9.586836 0.324867 0.237998 0.000001 0.000006 -0.002641 0.999997
9.150000 9.640836 0.324582 0.237998 0.000000 0.000006 -0.002642 0.999997
9.197000 9.686835 0.324339 0.237998 0.000000 0.000006 -0.002643 0.999997
9.250000 9.732837 0.324096 0.237997 0.000001 0.000005 -0.002643 0.999997
9.297000 9.783837 0.323826 0.237998 0.000001 0.000006 -0.002643 0.999997
9.351000 9.834837 0.323556 0.237998 0.000001 0.000006 -0.002644 0.999997
9.399000 9.889838 0.323266 0.237997 0.000001 0.000005 -0.002644 0.999997
9.451000 9.934838 0.323028 0.237998 0.000001 0.000006 -0.002644 0.999997
9.503000 9.965838 0.322864 0.237998 0.000001 0.000006 -0.002643 0.999997
9.559000 10.037839 0.322483 0.237997 0.000001 0.000004 -0.002643 0.999997
9.606000 10.080840 0.322256 0.237998 0.000001 0.000006 -0.002643 0.999997
9.654000 10.141839 0.321933 0.237998 0.000001 0.000005 -0.002642 0.999997
9.701000 10.185839 0.321701 0.237997 0.000001 0.000004 -0.002642 0.999997
9.754000 10.235841 0.321437 0.237998 0.000001 0.000005 -0.002641 0.999997
9.799000 10.287840 0.321162 0.237998 0.000001 0.000005 -0.002640 0.999997
9.850000 10.340840 0.320882 0.237998 0.000000 0.000004 -0.002638 0.999997
9.897000 10.379823 0.320676 0.237998 0.000001 0.000005 -0.002631 0.999997
9.949000 10.431818 0.320402 0.237998 0.000001 0.000004 -0.002628 0.999997
9.997000 10.487817 0.320108 0.237998 0.000001 0.000004 -0.002623 0.999997
10.055000 10.544774 0.319809 0.237998 0.000000 0.000004 -0.002621 0.999997
10.102000 10.573770 0.319657 0.237998 0.000001 0.000004 -0.002613 0.999997
10.158000 10.637769 0.319323 0.237998 0.000001 0.000004 -0.002611 0.999997
10.198000 10.678762 0.319106 0.237998 0.000003 0.000002 -0.002593 0.999997
10.260000 10.739062 0.318794 0.237998 0.000002 0.000002 -0.002668 0.999996
10.306000 10.785490 0.318546 0.237998 0.000000 0.000004 -0.002589 0.999997
10.357000 10.840483 0.318258 0.237998 -0.000002 0.000005 -0.002556 0.999997
10.399000 10.888646 0.318011 0.237999 0.000004 0.000007 -0.002617 0.999997
10.457000 10.941214 0.317737 0.237998 0.000001 0.000004 -0.002549 0.999997
10.501000 10.989223 0.317490 0.237998 -0.000007 0.000006 -0.002545 0.999997
10.556000 11.046411 0.317201 0.237998 0.000003 0.000002 -0.002594 0.999997
10.599000 11.078875 0.317032 0.237998 0.000000 0.000004 -0.002539 0.999997
10.654000 11.136933 0.316738 0.237997 0.000001 0.000003 -0.002530 0.999997
10.698000 11.186923 0.316491 0.237998 0.000003 0.000002 -0.002556 0.999997
10.756000 11.235539 0.316241 0.237998 0.000001 0.000005 -0.002544 0.999997
10.799000 11.286639 0.315981 0.237998 0.000001 0.000004 -0.002517 0.999997
10.851000 11.335604 0.315737 0.237998 0.000002 0.000003 -0.002506 0.999997
10.898000 11.383973 0.315492 0.237998 0.000002 0.000006 -0.002544 0.999997
10.974000 11.425098 0.315283 0.237998 0.000001 0.000004 -0.002511 0.999997
11.021000 11.492034 0.314947 0.237998 0.000002 0.000003 -0.002504 0.999997
11.057000 11.541315 0.314700 0.237999 0.000002 0.000007 -0.002530 0.999997
11.101000 11.584604 0.314481 0.237998 0.000001 0.000005 -0.002521 0.999997
11.154000 11.649612 0.314153 0.237998 0.000001 0.000005 -0.002522 0.999997
11.198000 11.692611 0.313936 0.237998 0.000001 0.000006 -0.002522 0.999997
11.255000 11.743611 0.313679 0.237998 0.000001 0.000006 -0.002523 0.999997
11.298000 11.791613 0.313436 0.237998 -0.000000 0.000005 -0.002523 0.999997
11.353000 11.847613 0.313154 0.237998 0.000001 0.000006 -0.002523 0.999997
11.401000 11.884612 0.312967 0.237998 0.000001 0.000006 -0.002523 0.999997
11.469000 11.962614 0.312573 0.237998 0.000000 0.000006 -0.002523 0.999997
11.512000 11.985614 0.312457 0.237998 0.000001 0.000006 -0.002523 0.999997
11.551000 12.036613 0.312200 0.237998 0.000000 0.000006 -0.002523 0.999997
11.599000 12.083615 0.311963 0.237997 0.000001 0.000005 -0.002522 0.999997
11.649000 12.142615 0.311665 0.237998 0.000000 0.000006 -0.002522 0.999997
11.697000 12.188615 0.311433 0.237998 0.000000 0.000006 -0.002522 0.999997
11.756000 12.243616 0.311156 0.237997 0.000001 0.000005 -0.002521 0.999997
11.803000 12.284617 0.310949 0.237998 0.000000 0.000006 -0.002521 0.999997
11.854000 12.346616 0.310637 0.237998 0.000001 0.000006 -0.002520 0.999997
11.898000 12.386616 0.310435 0.237998 0.000002 0.000005 -0.002520 0.999997
11.974000 12.458618 0.310072 0.237998 0.000001 0.000006 -0.002519 0.999997
12.020000 12.479617 0.309966 0.237998 0.000001 0.000006 -0.002518 0.999997
12.050000 12.542617 0.309649 0.237998 0.000002 0.000005 -0.002518 0.999997
12.097000 12.585619 0.309433 0.237998 0.000000 0.000005 -0.002517 0.999997
12.158000 12.651618 0.309100 0.237998 0.000001 0.000005 -0.002516 0.999997
12.200000 12.682618 0.308945 0.237998 0.000001 0.000005 -0.002516 0.999997
12.258000 12.749620 0.308607 0.237998 0.000000 0.000004 -0.002511 0.999997
12.299000 12.778619 0.308461 0.237998 0.000001 0.000005 -0.002507 0.999997
12.355000 12.849619 0.308106 0.237998 0.000001 0.000004 -0.002507 0.999997
12.398000 12.885609 0.307929 0.237998 0.000002 0.000003 -0.002499 0.999997
12.454000 12.940739 0.307652 0.237999 0.000003 0.000007 -0.002536 0.999997
12.499000 12.981173 0.307447 0.237998 0.000001 0.000004 -0.002488 0.999997
12.551000 13.040177 0.307155 0.238000 0.000007 0.000006 -0.002505 0.999997
12.614000 13.073132 0.306990 0.237999 0.000000 0.000006 -0.002488 0.999997
12.648000 13.137744 0.306667 0.237998 0.000001 0.000004 -0.002473 0.999997
12.699000 13.193775 0.306390 0.237997 -0.000001 0.000003 -0.002478 0.999997
12.755000 13.243765 0.306142 0.237999 0.000002 0.000007 -0.002498 0.999997
12.798000 13.290316 0.305911 0.237998 0.000002 0.000005 -0.002502 0.999997
12.856000 13.349434 0.305615 0.237998 -0.000001 0.000004 -0.002480 0.999997
12.898000 13.376395 0.305480 0.237998 -0.000002 0.000006 -0.002442 0.999997
12.958000 13.450038 0.305117 0.237998 0.000001 0.000005 -0.002512 0.999997
13.005000 13.495171 0.304889 0.237997 0.000002 0.000003 -0.002470 0.999997
13.054000 13.551262 0.304609 0.237998 -0.000001 0.000001 -0.002418 0.999997
13.101000 13.562369 0.304555 0.237999 -0.000001 0.000006 -0.002425 0.999997
13.150000 13.646877 0.304139 0.237998 0.000002 0.000004 -0.002530 0.999997
13.200000 13.688862 0.303924 0.237998 -0.000003 0.000006 -0.002526 0.999997
13.248000 13.742018 0.303657 0.237998 0.000001 0.000003 -0.002592 0.999997
13.297000 13.795500 0.303378 0.237998 0.000000 0.000005 -0.002579 0.999997
13.356000 13.853513 0.303077 0.237998 0.000000 0.000004 -0.002590 0.999997
13.403000 13.883513 0.302921 0.237998 0.000001 0.000005 -0.002596 0.999997
13.450000 13.942511 0.302615 0.237998 0.000001 0.000005 -0.002604 0.999997
13.498000 13.992513 0.302354 0.237998 0.000001 0.000004 -0.002609 0.999997
13.578000 14.032498 0.302146 0.237998 0.000001 0.000005 -0.002618 0.999997
13.620000 14.092497 0.301831 0.237998 0.000001 0.000005 -0.002624 0.999997
13.660000 14.154495 0.301505 0.237998 0.000001 0.000005 -0.002628 0.999997
13.700000 14.190491 0.301316 0.237998 0.000001 0.000005 -0.002633 0.999997
13.753000 14.250490 0.301000 0.237998 0.000001 0.000006 -0.002638 0.999997
13.800000 14.290491 0.300789 0.237997 0.000002 0.000005 -0.002641 0.999997
13.854000 14.346491 0.300492 0.237998 0.000000 0.000006 -0.002645 0.999997
13.898000 14.385491 0.300286 0.237998 0.000000 0.000007 -0.002647 0.999996
13.954000 14.438491 0.300006 0.237997 0.000002 0.000006 -0.002649 0.999996
13.997000 14.492493 0.299720 0.237997 0.000001 0.000010 -0.002651 0.999996
14.080000 14.547492 0.299428 0.237997 0.000001 0.000011 -0.002654 0.999996
14.124000 14.581492 0.299248 0.237997 0.000002 0.000011 -0.002653 0.999996
14.154000 14.645485 0.298907 0.237998 0.000001 0.000010 -0.002651 0.999996
14.197000 14.690483 0.298669 0.237997 0.000001 0.000011 -0.002648 0.999996
14.252000 14.749483 0.298357 0.237997 0.000003 0.000009 -0.002644 0.999997
14.299000 14.792485 0.298129 0.237998 0.000002 0.000010 -0.002639 0.999997
14.352000 14.847484 0.297839 0.237998 0.000000 0.000007 -0.002635 0.999997
14.403000 14.891483 0.297607 0.237998 0.000001 0.000007 -0.002632 0.999997
14.448000 14.937485 0.297364 0.237997 -0.000001 0.000006 -0.002628 0.999997
14.498000 14.992485 0.297075 0.237998 0.000000 0.000006 -0.002625 0.999997
14.556000 15.054485 0.296750 0.237998 0.000001 0.000006 -0.002622 0.999997
14.597000 15.085486 0.296587 0.237997 -0.000000 0.000005 -0.002621 0.999997
14.657000 15.146486 0.296268 0.237998 0.000001 0.000006 -0.002618 0.999997
14.701000 15.194486 0.296016 0.237998 0.000001 0.000006 -0.002616 0.999997
14.754000 15.246488 0.295744 0.237997 -0.000001 0.000004 -0.002615 0.999997
14.797000 15.291487 0.295509 0.237998 0.000001 0.000005 -0.002613 0.999997
14.853000 15.342487 0.295242 0.237998 0.000001 0.000005 -0.002611 0.999997
14.898000 15.394487 0.294972 0.237997 0.000000 0.000003 -0.002613 0.999997
14.952000 15.443422 0.294717 0.237998 0.000000 0.000005 -0.002611 0.999997
14.998000 15.492418 0.294460 0.237998 0.000001 0.000005 -0.002616 0.999997
15.047000 15.541419 0.294204 0.237997 0.000003 0.000003 -0.002623 0.999997
15.098000 15.582389 0.293988 0.237998 0.000001 0.000005 -0.002625 0.999997
15.159000 15.654379 0.293610 0.237998 0.000001 0.000006 -0.002631 0.999997
15.202000 15.687379 0.293436 0.237998 0.000001 0.000006 -0.002633 0.999997
15.256000 15.746381 0.293125 0.237998 0.000000 0.000007 -0.002635 0.999997
15.298000 15.787380 0.292909 0.237997 0.000002 0.000013 -0.002638 0.999997
15.354000 15.847381 0.292593 0.237997 0.000004 0.000013 -0.002642 0.999997
15.400000 15.883380 0.292401 0.237997 0.000003 0.000012 -0.002643 0.999997
15.452000 15.940376 0.292100 0.237997 0.000001 0.000011 -0.002643 0.999997
15.497000 15.988375 0.291847 0.237998 0.000001 0.000010 -0.002641 0.999997
15.573000 16.034377 0.291604 0.237998 0.000003 0.000010 -0.002636 0.999997
15.614000 16.087374 0.291324 0.237998 0.000000 0.000007 -0.002633 0.999997
15.660000 16.149373 0.290997 0.237998 0.000001 0.000007 -0.002629 0.999997
15.704000 16.191375 0.290776 0.237997 -0.000001 0.000006 -0.002626 0.999997
15.756000 16.248375 0.290477 0.237998 0.000000 0.000007 -0.002622 0.999997
15.798000 16.290374 0.290257 0.237998 0.000000 0.000007 -0.002620 0.999997
15.855000 16.353376 0.289926 0.237998 -0.000001 0.000006 -0.002617 0.999997
15.898000 16.393376 0.289717 0.237998 0.000001 0.000006 -0.002616 0.999997
15.949000 16.439376 0.289476 0.237998 0.000001 0.000006 -0.002614 0.999997
15.997000 16.486376 0.289231 0.237997 0.000002 0.000005 -0.002612 0.999997
16.080000 16.571377 0.288787 0.237998 0.000001 0.000005 -0.002610 0.999997
16.128000 16.587377 0.288703 0.237998 0.000001 0.000005 -0.002610 0.999997
16.160000 16.658378 0.288333 0.237997 -0.000001 0.000004 -0.002607 0.999997
16.203000 16.682378 0.288208 0.237998 0.000000 0.000005 -0.002607 0.999997
16.258000 16.745377 0.287879 0.237998 0.000000 0.000005 -0.002604 0.999997
16.302000 16.791378 0.287640 0.237998 0.000002 0.000004 -0.002602 0.999997
16.355000 16.849320 0.287341 0.237998 0.000002 0.000003 -0.002597 0.999997
16.401000 16.896725 0.287093 0.237999 0.000003 0.000007 -0.002632 0.999997
16.449000 16.940982 0.286860 0.237998 0.000001 0.000004 -0.002608 0.999997
16.497000 16.992966 0.286586 0.237998 -0.000002 0.000006 -0.002601 0.999997
16.568000 17.061374 0.286232 0.237998 0.000002 0.000010 -0.002674 0.999996
16.614000 17.089640 0.286078 0.237998 0.000000 0.000005 -0.002715 0.999996
16.652000 17.141664 0.285790 0.237997 -0.000003 0.000003 -0.002791 0.999996
16.698000 17.184650 0.285550 0.237998 0.000000 0.000004 -0.002860 0.999996
16.748000 17.246648 0.285193 0.237998 0.000000 0.000004 -0.002947 0.999996
16.798000 17.295619 0.284898 0.237998 -0.000001 0.000005 -0.002989 0.999996
16.857000 17.358912 0.284519 0.237998 0.000002 0.000003 -0.003133 0.999995
16.898000 17.390074 0.284321 0.237998 0.000001 0.000003 -0.003046 0.999995
16.958000 17.455071 0.283921 0.237998 0.000002 0.000002 -0.003088 0.999995
17.001000 17.484079 0.283737 0.237999 0.000001 0.000006 -0.003102 0.999995
17.071000 17.529485 0.283455 0.237998 0.000001 0.000004 -0.003150 0.999995
17.115000 17.592559 0.283057 0.237997 0.000002 0.000002 -0.003155 0.999995
17.156000 17.649550 0.282698 0.237998 0.000001 0.000004 -0.003145 0.999995
17.199000 17.689546 0.282448 0.237998 0.000000 0.000004 -0.003158 0.999995
17.256000 17.752545 0.282048 0.237998 0.000002 0.000004 -0.003182 0.999995
17.297000 17.797546 0.281761 0.237998 0.000000 0.000004 -0.003190 0.999995
17.353000 17.844545 0.281461 0.237998 0.000001 0.000005 -0.003201 0.999995
17.397000 17.893544 0.281148 0.237997 0.000002 0.000004 -0.003210 0.999995
17.450000 17.944541 0.280819 0.237998 0.000000 0.000005 -0.003213 0.999995
17.498000 17.988539 0.280536 0.237998 0.000001 0.000005 -0.003219 0.999995
17.560000 18.055539 0.280105 0.237997 0.000003 0.000004 -0.003227 0.999995
17.604000 18.089540 0.279885 0.237998 -0.000001 0.000005 -0.003231 0.999995
17.662000 18.153538 0.279471 0.237998 0.000001 0.000006 -0.003236 0.999995
17.710000 18.180538 0.279296 0.237998 0.000001 0.000006 -0.003238 0.999995
17.755000 18.247539 0.278862 0.237998 -0.000001 0.000005 -0.003241 0.999995
17.797000 18.294539 0.278558 0.237998 0.000001 0.000006 -0.003243 0.999995
17.855000 18.356538 0.278156 0.237998 0.000001 0.000006 -0.003245 0.999995
17.900000 18.393539 0.277915 0.237997 -0.000001 0.000006 -0.003246 0.999995
17.954000 18.445538 0.277578 0.237998 0.000000 0.000006 -0.003247 0.999995
18.001000 18.492538 0.277272 0.237998 0.000000 0.000007 -0.003248 0.999995
18.053000 18.549539 0.276902 0.237997 -0.000001 0.000006 -0.003249 0.999995
18.098000 18.567539 0.276785 0.237998 -0.000000 0.000006 -0.003249 0.999995
18.154000 18.642538 0.276298 0.237998 0.000000 0.000007 -0.003249 0.999995
18.198000 18.690538 0.275986 0.237997 0.000002 0.000006 -0.003249 0.999995
18.264000 18.761538 0.275524 0.237998 0.000000 0.000006 -0.003249 0.999995
18.307000 18.786538 0.275362 0.237998 0.000001 0.000006 -0.003249 0.999995
18.361000 18.853538 0.274926 0.237998 0.000001 0.000006 -0.003249 0.999995
18.402000 18.892539 0.274673 0.237998 0.000000 0.000006 -0.003249 0.999995
18.457000 18.951537 0.274290 0.237998 0.000001 0.000006 -0.003248 0.999995
18.505000 18.996538 0.273997 0.237997 0.000003 0.000005 -0.003248 0.999995
18.556000 19.046538 0.273673 0.237998 0.000000 0.000005 -0.003248 0.999995
18.600000 19.092537 0.273374 0.237998 0.000001 0.000005 -0.003247 0.999995
18.664000 19.148537 0.273010 0.237998 0.000002 0.000004 -0.003246 0.999995
18.710000 19.194538 0.272712 0.237998 -0.000000 0.000004 -0.003243 0.999995
18.754000 19.250537 0.272348 0.237998 0.000001 0.000005 -0.003240 0.999995
18.797000 19.294536 0.272063 0.237998 0.000001 0.000004 -0.003238 0.999995
18.854000 19.351517 0.271695 0.237998 0.000002 0.000003 -0.003215 0.999995
18.898000 19.391533 0.271439 0.237998 0.000002 0.000003 -0.003268 0.999995
18.947000 19.443039 0.271101 0.237998 0.000000 0.000005 -0.003238 0.999995
18.998000 19.497064 0.270748 0.237994 -0.000013 -0.000002 -0.003245 0.999995
19.060000 19.555028 0.270374 0.237998 0.000001 0.000005 -0.003251 0.999995
19.127000 19.591027 0.270140 0.237998 0.000001 0.000005 -0.003253 0.999995
19.160000 19.660028 0.269691 0.237997 -0.000001 0.000004 -0.003256 0.999995
19.202000 19.695027 0.269463 0.237998 0.000001 0.000005 -0.003257 0.999995
19.260000 19.752026 0.269091 0.237998 0.000001 0.000005 -0.003259 0.999995
19.305000 19.801027 0.268772 0.237998 -0.000000 0.000005 -0.003260 0.999995
19.360000 19.849027 0.268459 0.237998 0.000001 0.000006 -0.003261 0.999995
19.400000 19.895026 0.268159 0.237998 0.000001 0.000006 -0.003261 0.999995
19.454000 19.954027 0.267774 0.237998 0.000001 0.000005 -0.003262 0.999995
19.501000 19.984027 0.267578 0.237998 -0.000000 0.000006 -0.003262 0.999995
19.555000 20.044026 0.267187 0.237998 0.000001 0.000006 -0.003262 0.999995
19.621000 20.083026 0.266933 0.237998 0.000001 0.000006 -0.003263 0.999995
19.653000 20.142028 0.266547 0.237998 -0.000000 0.000006 -0.003262 0.999995
19.697000 20.188027 0.266247 0.237998 0.000001 0.000006 -0.003262 0.999995
19.758000 20.251027 0.265836 0.237997 0.000002 0.000005 -0.003262 0.999995
19.801000 20.296027 0.265543 0.237998 -0.000000 0.000006 -0.003262 0.999995
19.852000 20.347026 0.265210 0.237998 0.000001 0.000006 -0.003261 0.999995
19.898000 20.383026 0.264975 0.237998 0.000001 0.000006 -0.003261 0.999995
19.950000 20.450027 0.264538 0.237998 -0.000001 0.000005 -0.003261 0.999995
19.998000 20.493026 0.264258 0.237998 0.000001 0.000005 -0.003260 0.999995
20.078000 20.536026 0.263977 0.237998 0.000001 0.000005 -0.003260 0.999995
20.121000 20.570026 0.263756 0.237997 0.000003 0.000004 -0.003259 0.999995
20.152000 20.649026 0.263240 0.237998 0.000001 0.000005 -0.003258 0.999995
20.202000 20.688025 0.262987 0.237998 0.000001 0.000005 -0.003257 0.999995
20.260000 20.760016 0.262519 0.238001 0.000009 0.000009 -0.003242 0.999995
20.302000 20.785999 0.262350 0.237998 0.000000 0.000004 -0.003253 0.999995
20.358000 20.848996 0.261940 0.237998 0.000001 0.000004 -0.003248 0.999995
20.401000 20.887998 0.261689 0.237995 0.000010 0.000001 -0.003251 0.999995
20.456000 20.951986 0.261274 0.237998 0.000002 0.000003 -0.003267 0.999995
20.498000 20.996447 0.260986 0.237996 -0.000002 0.000000 -0.003299 0.999995
20.576000 21.077688 0.260449 0.237998 0.000002 0.000000 -0.003204 0.999995
20.616000 21.100684 0.260307 0.237998 0.000001 0.000004 -0.003260 0.999995
20.656000 21.150669 0.259982 0.237998 0.000001 0.000004 -0.003268 0.999995
20.704000 21.202669 0.259643 0.237997 0.000006 0.000002 -0.003286 0.999995
20.755000 21.251648 0.259322 0.237998 0.000000 0.000004 -0.003295 0.999995
20.798000 21.297642 0.259018 0.237998 0.000001 0.000005 -0.003305 0.999995
20.856000 21.348642 0.258681 0.237998 0.000002 0.000004 -0.003312 0.999995
20.898000 21.397642 0.258356 0.237998 -0.000000 0.000004 -0.003315 0.999995
20.953000 21.443642 0.258051 0.237998 0.000001 0.000005 -0.003322 0.999994
20.997000 21.499641 0.257679 0.237998 0.000001 0.000004 -0.003329 0.999994
21.069000 21.537641 0.257426 0.237997 -0.000001 0.000004 -0.003332 0.999994
21.112000 21.588641 0.257086 0.237998 0.000001 0.000005 -0.003339 0.999994
21.159000 21.660640 0.256605 0.237998 0.000002 0.000005 -0.003346 0.999994
21.199000 21.695641 0.256370 0.237997 -0.000001 0.000005 -0.003349 0.999994
21.257000 21.756640 0.255962 0.237998 0.000000 0.000007 -0.003354 0.999994
21.298000 21.794639 0.255707 0.237998 0.000000 0.000007 -0.003356 0.999994
21.357000 21.854640 0.255304 0.237997 0.000001 0.000012 -0.003361 0.999994
21.400000 21.897634 0.255015 0.237997 0.000003 0.000013 -0.003361 0.999994
21.454000 21.947633 0.254679 0.237997 0.000003 0.000013 -0.003362 0.999994
21.499000 21.984634 0.254430 0.237997 0.000002 0.000009 -0.003360 0.999994
21.554000 22.046510 0.254011 0.237998 -0.000002 0.000012 -0.003352 0.999994
21.598000 22.068557 0.253866 0.237997 0.000001 0.000030 -0.003386 0.999994
21.649000 22.141156 0.253362 0.237998 0.000001 0.000003 -0.003513 0.999994
21.697000 22.195175 0.252976 0.237999 0.000002 0.000005 -0.003621 0.999993
21.752000 22.255603 0.252551 0.237999 0.000005 0.000005 -0.003548 0.999994
21.799000 22.290704 0.252303 0.237998 0.000002 0.000002 -0.003528 0.999994
21.856000 22.353754 0.251872 0.237998 -0.000003 0.000001 -0.003454 0.999994
21.897000 22.393105 0.251605 0.237997 -0.000003 0.000001 -0.003495 0.999994
21.950000 22.445789 0.251238 0.237998 -0.000000 0.000001 -0.003549 0.999994
21.997000 22.499786 0.250874 0.237998 -0.000001 0.000003 -0.003566 0.999994
22.048000 22.546978 0.250534 0.237997 0.000003 0.000000 -0.003555 0.999994
22.097000 22.602375 0.250146 0.237999 0.000002 0.000003 -0.003632 0.999993
22.154000 22.659431 0.249684 0.237998 -0.000001 0.000001 -0.003563 0.999994
22.198000 22.700576 0.249384 0.237986 -0.000033 -0.000024 -0.003545 0.999994
22.252000 22.756701 0.249002 0.237998 0.000000 0.000003 -0.003418 0.999994
22.301000 22.797711 0.248733 0.237997 -0.000001 0.000000 -0.003426 0.999994
22.348000 22.847087 0.248405 0.237999 -0.000004 0.000006 -0.003296 0.999995
22.398000 22.898116 0.248070 0.237999 -0.000003 0.000004 -0.003319 0.999994
22.452000 22.958281 0.247653 0.237997 -0.000003 0.000003 -0.003488 0.999994
22.497000 22.994341 0.247400 0.237999 0.000003 0.000005 -0.003542 0.999994
22.551000 23.055905 0.246964 0.237998 -0.000000 0.000004 -0.003477 0.999994
22.601000 23.074929 0.246829 0.237998 0.000002 0.000004 -0.003494 0.999994
22.650000 23.157984 0.246240 0.237998 0.000003 0.000002 -0.003573 0.999994
22.697000 23.204501 0.245910 0.237998 0.000001 0.000005 -0.003575 0.999994
22.758000 23.256593 0.245535 0.237997 0.000005 0.000003 -0.003542 0.999994
22.798000 23.305746 0.245183 0.237998 -0.000002 0.000002 -0.003473 0.999994
22.854000 23.361236 0.244798 0.237998 -0.000000 0.000004 -0.003594 0.999994
22.897000 23.404243 0.244486 0.237997 0.000004 0.000002 -0.003603 0.999994
22.954000 23.450271 0.244144 0.237998 -0.000001 0.000002 -0.003575 0.999994
22.997000 23.502912 0.243766 0.237996 0.000002 -0.000000 -0.003546 0.999994
23.052000 23.561753 0.243351 0.237998 0.000001 0.000003 -0.003667 0.999993
23.100000 23.572762 0.243267 0.237997 0.000004 0.000002 -0.003636 0.999993
23.149000 23.658040 0.242647 0.237999 0.000001 0.000004 -0.003599 0.999994
23.198000 23.702123 0.242331 0.237998 -0.000000 0.000003 -0.003544 0.999994
23.259000 23.765147 0.241851 0.237998 0.000000 0.000002 -0.003437 0.999994
23.300000 23.805470 0.241573 0.237998 -0.000001 0.000003 -0.003392 0.999994
23.357000 23.865607 0.241159 0.237999 0.000003 0.000003 -0.003469 0.999994
23.399000 23.908618 0.240815 0.237998 0.000003 0.000003 -0.003409 0.999994
23.451000 23.953553 0.240511 0.237997 0.000000 0.000001 -0.003325 0.999994
23.497000 23.999516 0.240206 0.237998 -0.000003 0.000002 -0.003411 0.999994
23.555000 24.059648 0.239730 0.237997 0.000001 0.000002 -0.003241 0.999995
23.598000 24.070653 0.239636 0.237997 -0.000003 0.000001 -0.003196 0.999995
23.652000 24.157230 0.239091 0.237999 0.000002 0.000003 -0.003120 0.999995
23.698000 24.199270 0.238820 0.237998 0.000006 0.000002 -0.003107 0.999995
23.758000 24.270141 0.238355 0.237998 -0.000001 0.000002 -0.002984 0.999996
23.800000 24.307821 0.238126 0.237998 0.000003 0.000002 -0.002993 0.999996
23.858000 24.367971 0.237733 0.237997 0.000002 0.000000 -0.002929 0.999996
23.900000 24.410815 0.237467 0.237998 -0.000001 0.000002 -0.002817 0.999996
23.953000 24.465449 0.237158 0.237998 -0.000001 0.000004 -0.002848 0.999996
23.997000 24.502640 0.236944 0.237998 0.000003 0.000003 -0.002843 0.999996
24.070000 24.549528 0.236638 0.237997 0.000004 0.000003 -0.002845 0.999996
24.114000 24.606993 0.236318 0.237998 -0.000001 0.000003 -0.002785 0.999996
24.155000 24.663283 0.236003 0.237998 0.000000 0.000004 -0.002813 0.999996
24.198000 24.712245 0.235727 0.237998 -0.000001 0.000006 -0.002789 0.999996
24.253000 24.767650 0.235419 0.237997 -0.000001 0.000001 -0.002862 0.999996
24.297000 24.809842 0.235177 0.237998 0.000000 0.000004 -0.002794 0.999996
24.350000 24.861832 0.234888 0.237998 0.000002 0.000003 -0.002776 0.999996
24.397000 24.906949 0.234635 0.237999 0.000003 0.000007 -0.002816 0.999996
24.457000 24.968536 0.234290 0.237998 0.000000 0.000004 -0.002767 0.999996
24.503000 25.005541 0.234086 0.237997 -0.000001 0.000004 -0.002769 0.999996
24.556000 25.063586 0.233768 0.237999 0.000002 0.000006 -0.002794 0.999996
24.598000 25.098061 0.233575 0.237998 0.000002 0.000005 -0.002781 0.999996
24.654000 25.163163 0.233218 0.237997 -0.000000 0.000003 -0.002767 0.999996
24.699000 25.214113 0.232937 0.237999 0.000001 0.000007 -0.002778 0.999996
24.755000 25.271647 0.232618 0.237998 0.000000 0.000005 -0.002763 0.999996
24.802000 25.298671 0.232468 0.237998 0.000002 0.000004 -0.002769 0.999996
24.850000 25.364675 0.232102 0.237998 0.000001 0.000005 -0.002767 0.999996
24.898000 25.409674 0.231853 0.237998 0.000001 0.000005 -0.002766 0.999996
24.959000 25.472675 0.231505 0.237997 0.000001 0.000005 -0.002764 0.999996
25.003000 25.502676 0.231339 0.237998 0.000000 0.000006 -0.002763 0.999996
25.080000 25.563675 0.231002 0.237998 0.000001 0.000006 -0.002762 0.999996
25.122000 25.601675 0.230792 0.237998 0.000001 0.000006 -0.002761 0.999996
25.152000 25.660677 0.230466 0.237998 -0.000000 0.000007 -0.002760 0.999996
25.197000 25.705676 0.230218 0.237998 0.000001 0.000010 -0.002759 0.999996
25.248000 25.765676 0.229887 0.237997 0.000002 0.000009 -0.002759 0.999996
25.298000 25.806673 0.229661 0.238000 0.000008 0.000014 -0.002755 0.999996
25.356000 25.870660 0.229308 0.237998 0.000000 0.000007 -0.002748 0.999996
25.399000 25.904660 0.229121 0.237998 0.000000 0.000007 -0.002744 0.999996
25.458000 25.972662 0.228748 0.237998 -0.000000 0.000006 -0.002736 0.999996
25.502000 26.007662 0.228557 0.237998 0.000001 0.000006 -0.002733 0.999996
25.553000 26.062661 0.228256 0.237998 0.000001 0.000006 -0.002728 0.999996
25.598000 26.096662 0.228071 0.237997 0.000002 0.000005 -0.002725 0.999996
25.651000 26.165662 0.227695 0.237998 0.000001 0.000005 -0.002721 0.999996
25.697000 26.204662 0.227482 0.237998 0.000001 0.000005 -0.002719 0.999996
25.749000 26.264663 0.227156 0.237997 -0.000000 0.000004 -0.002716 0.999996
25.799000 26.311663 0.226901 0.237998 0.000001 0.000005 -0.002713 0.999996
25.858000 26.365662 0.226608 0.237998 0.000001 0.000005 -0.002709 0.999996
25.901000 26.411662 0.226360 0.237999 -0.000003 0.000006 -0.002711 0.999996
25.958000 26.473667 0.226025 0.237999 0.000002 0.000007 -0.002730 0.999996
25.999000 26.515176 0.225800 0.237998 0.000001 0.000005 -0.002737 0.999996
26.072000 26.545291 0.225635 0.237998 0.000000 0.000004 -0.002696 0.999996
26.117000 26.610239 0.225283 0.237999 -0.000001 0.000006 -0.002668 0.999996
26.150000 26.659602 0.225020 0.237998 0.000002 0.000002 -0.002741 0.999996
26.198000 26.711040 0.224739 0.237998 0.000003 0.000003 -0.002676 0.999996
26.255000 26.762019 0.224465 0.237998 0.000002 0.000003 -0.002655 0.999996
26.297000 26.808219 0.224220 0.237998 0.000002 0.000002 -0.002711 0.999996
26.352000 26.862723 0.223925 0.237998 0.000001 0.000004 -0.002662 0.999996
26.398000 26.902712 0.223712 0.237998 0.000003 0.000004 -0.002669 0.999996
26.451000 26.963875 0.223385 0.237999 0.000002 0.000006 -0.002724 0.999996
26.498000 27.012514 0.223121 0.237998 0.000000 0.000004 -0.002652 0.999996
26.549000 27.067538 0.222826 0.237998 0.000001 0.000004 -0.002652 0.999996
26.600000 27.113560 0.222584 0.237998 0.000003 0.000003 -0.002697 0.999996
26.649000 27.160012 0.222333 0.237998 0.000000 0.000004 -0.002641 0.999997
26.697000 27.215042 0.222042 0.237998 0.000001 0.000004 -0.002641 0.999997
26.756000 27.267026 0.221768 0.237999 0.000001 0.000007 -0.002657 0.999996
26.798000 27.312524 0.221529 0.237997 -0.000001 0.000003 -0.002667 0.999996
26.855000 27.366707 0.221239 0.237998 0.000000 0.000004 -0.002651 0.999996
26.900000 27.410700 0.221007 0.237998 0.000002 0.000003 -0.002648 0.999996
26.954000 27.468178 0.220699 0.237999 0.000004 0.000007 -0.002707 0.999996
26.997000 27.513501 0.220453 0.237999 -0.000003 0.000005 -0.002671 0.999996
27.072000 27.589557 0.220049 0.237998 0.000003 0.000003 -0.002728 0.999996
27.119000 27.613806 0.219920 0.237998 0.000002 0.000002 -0.002738 0.999996
27.149000 27.668155 0.219622 0.237997 0.000005 0.000004 -0.002703 0.999996
27.200000 27.712233 0.219378 0.238001 -0.000001 0.000011 -0.002647 0.999996
27.259000 27.771224 0.219061 0.237998 0.000001 0.000005 -0.002722 0.999996
27.302000 27.819224 0.218798 0.237997 0.000003 0.000004 -0.002750 0.999996
27.356000 27.877225 0.218478 0.237998 0.000000 0.000005 -0.002778 0.999996
27.404000 27.905224 0.218322 0.237998 0.000001 0.000005 -0.002789 0.999996
27.453000 27.968224 0.217970 0.237998 0.000002 0.000006 -0.002812 0.999996
27.497000 28.015225 0.217705 0.237997 0.000003 0.000012 -0.002826 0.999996
27.548000 28.070223 0.217394 0.237998 0.000003 0.000025 -0.002845 0.999996
27.597000 28.117434 0.217125 0.237998 0.000001 0.000004 -0.002848 0.999996
27.660000 28.173439 0.216807 0.237997 -0.000001 0.000003 -0.002854 0.999996
27.703000 28.215436 0.216563 0.237998 0.000002 0.000003 -0.002812 0.999996
27.754000 28.276447 0.216231 0.237998 -0.000002 0.000001 -0.002804 0.999996
27.801000 28.304471 0.216067 0.237998 0.000002 0.000001 -0.002773 0.999996
27.855000 28.371648 0.215827 0.238000 0.000005 0.000006 -0.002902 0.999996
27.898000 28.412810 0.215595 0.237998 -0.000001 0.000003 -0.002738 0.999996
27.953000 28.464826 0.215315 0.237998 0.000001 0.000003 -0.002737 0.999996
28.000000 28.513992 0.215074 0.237997 0.000000 0.000000 -0.002810 0.999996
28.052000 28.568823 0.214776 0.237998 -0.000001 0.000003 -0.002745 0.999996
28.106000 28.588937 0.214661 0.237998 0.000005 0.000002 -0.002901 0.999996
28.160000 28.683102 0.214150 0.238000 0.000006 0.000007 -0.002874 0.999996
28.205000 28.719199 0.213951 0.237998 0.000001 0.000003 -0.002709 0.999996
28.259000 28.781207 0.213611 0.237998 0.000002 0.000001 -0.002719 0.999996
28.304000 28.817301 0.213442 0.237999 -0.000001 0.000002 -0.002715 0.999996
28.353000 28.873046 0.213143 0.237999 -0.000007 0.000006 -0.002602 0.999997
28.398000 28.912609 0.212932 0.237998 0.000004 0.000002 -0.002797 0.999996
28.451000 28.969690 0.212596 0.237996 0.000004 -0.000001 -0.002797 0.999996
28.498000 29.014773 0.212333 0.237999 0.000004 0.000007 -0.002805 0.999996
28.550000 29.071355 0.212022 0.237998 0.000001 0.000004 -0.002702 0.999996
28.599000 29.100383 0.211862 0.237998 0.000004 0.000004 -0.002738 0.999996
28.651000 29.172799 0.211471 0.237999 -0.000005 0.000007 -0.002649 0.999996
28.698000 29.221562 0.211215 0.237999 -0.000001 0.000004 -0.002777 0.999996
28.756000 29.280631 0.210917 0.237998 -0.000001 0.000000 -0.002851 0.999996
28.800000 29.322937 0.210679 0.237998 -0.000001 0.000001 -0.002803 0.999996
28.855000 29.381995 0.210353 0.237998 -0.000001 0.000003 -0.002858 0.999996
28.898000 29.417086 0.210148 0.237997 0.000004 0.000002 -0.002941 0.999996
28.955000 29.472136 0.209821 0.237999 0.000003 0.000002 -0.003005 0.999995
29.002000 29.517452 0.209546 0.237998 0.000002 0.000003 -0.002949 0.999996
29.052000 29.569487 0.209238 0.237998 0.000002 0.000003 -0.002963 0.999996
29.102000 29.596490 0.209079 0.237997 -0.000000 0.000002 -0.002977 0.999996
29.150000 29.668788 0.208650 0.237996 -0.000001 -0.000001 -0.003090 0.999995
29.198000 29.720361 0.208338 0.237998 0.000002 0.000003 -0.002968 0.999996
29.263000 29.780406 0.207980 0.237998 0.000002 0.000017 -0.002944 0.999996
29.304000 29.827350 0.207703 0.237998 0.000001 0.000004 -0.002986 0.999996
29.355000 29.879349 0.207393 0.237998 0.000001 0.000004 -0.002999 0.999996
29.400000 29.918352 0.207158 0.237997 -0.000002 0.000003 -0.003002 0.999995
29.454000 29.974346 0.206821 0.237998 0.000001 0.000005 -0.003008 0.999995
29.498000 30.025345 0.206514 0.237998 0.000001 0.000005 -0.003017 0.999995
29.569000 30.066346 0.206266 0.237998 0.000000 0.000005 -0.003021 0.999995
29.612000 30.117346 0.205958 0.237998 0.000000 0.000007 -0.003026 0.999995
29.649000 30.178345 0.205589 0.237997 0.000002 0.000013 -0.003034 0.999995
29.698000 30.222347 0.205322 0.237997 0.000002 0.000012 -0.003038 0.999995
29.754000 30.275347 0.204999 0.237997 0.000002 0.000012 -0.003042 0.999995
29.798000 30.325346 0.204695 0.237997 0.000002 0.000013 -0.003044 0.999995
29.852000 30.376348 0.204385 0.237997 0.000001 0.000008 -0.003043 0.999995
29.898000 30.422349 0.204104 0.237998 0.000000 0.000007 -0.003045 0.999995
29.957000 30.471348 0.203806 0.237998 0.000001 0.000006 -0.003047 0.999995
29.999000 30.526349 0.203471 0.237997 0.000002 0.000005 -0.003048 0.999995
30.047000 30.570350 0.203202 0.237998 0.000000 0.000005 -0.003049 0.999995
30.097000 30.615349 0.202928 0.237998 0.000001 0.000005 -0.003048 0.999995
30.157000 30.677349 0.202550 0.237997 0.000003 0.000003 -0.003046 0.999995
30.199000 30.721318 0.202281 0.237998 -0.000000 0.000005 -0.003015 0.999995
30.258000 30.785271 0.201892 0.237998 0.000001 0.000005 -0.003050 0.999995
30.302000 30.817270 0.201697 0.237998 0.000001 0.000004 -0.003056 0.999995
30.353000 30.879263 0.201317 0.237998 0.000000 0.000005 -0.003052 0.999995
30.398000 30.928257 0.201017 0.237998 0.000001 0.000005 -0.003066 0.999995
30.453000 30.972257 0.200747 0.237998 0.000001 0.000004 -0.003071 0.999995
30.497000 31.018258 0.200464 0.237998 0.000001 0.000004 -0.003073 0.999995
30.547000 31.069240 0.200151 0.237998 0.000000 0.000005 -0.003078 0.999995
30.597000 31.103239 0.199942 0.237998 0.000001 0.000005 -0.003083 0.999995
30.655000 31.176240 0.199491 0.237997 -0.000002 0.000004 -0.003087 0.999995
30.699000 31.213239 0.199263 0.237998 0.000001 0.000005 -0.003091 0.999995
30.752000 31.280238 0.198848 0.237998 0.000001 0.000005 -0.003095 0.999995
30.797000 31.318239 0.198613 0.237998 0.000001 0.000004 -0.003096 0.999995
30.851000 31.371239 0.198285 0.237998 0.000001 0.000005 -0.003097 0.999995
30.900000 31.422238 0.197969 0.237998 0.000001 0.000005 -0.003099 0.999995
30.957000 31.484239 0.197584 0.237997 -0.000001 0.000004 -0.003101 0.999995
30.998000 31.519239 0.197367 0.237998 0.000001 0.000005 -0.003102 0.999995
31.071000 31.559238 0.197119 0.237998 0.000001 0.000005 -0.003103 0.999995
31.112000 31.616238 0.196765 0.237997 0.000003 0.000005 -0.003104 0.999995
31.153000 31.682239 0.196355 0.237998 0.000001 0.000005 -0.003106 0.999995
31.198000 31.722238 0.196107 0.237998 0.000001 0.000006 -0.003106 0.999995
31.253000 31.778238 0.195759 0.237997 0.000003 0.000005 -0.003106 0.999995
31.297000 31.824240 0.195473 0.237998 0.000000 0.000005 -0.003107 0.999995
31.352000 31.878239 0.195138 0.237998 0.000001 0.000005 -0.003107 0.999995
31.397000 31.915238 0.194908 0.237998 0.000001 0.000005 -0.003107 0.999995
31.455000 31.975240 0.194535 0.237998 -0.000000 0.000005 -0.003107 0.999995
31.497000 32.024239 0.194230 0.237998 0.000001 0.000005 -0.003107 0.999995
31.550000 32.074238 0.193920 0.237998 0.000001 0.000005 -0.003106 0.999995
31.610000 32.102239 0.193746 0.237998 0.000001 0.000004 -0.003106 0.999995
31.658000 32.178239 0.193274 0.237998 0.000001 0.000005 -0.003105 0.999995
31.705000 32.227238 0.192970 0.237998 0.000001 0.000005 -0.003103 0.999995
31.755000 32.278233 0.192652 0.237995 -0.000009 0.000001 -0.003095 0.999995
31.798000 32.327180 0.192351 0.237998 0.000001 0.000005 -0.003103 0.999995
31.855000 32.375179 0.192053 0.237998 0.000001 0.000005 -0.003113 0.999995
31.898000 32.418179 0.191784 0.237998 0.000001 0.000004 -0.003120 0.999995
31.950000 32.474176 0.191434 0.237998 0.000001 0.000005 -0.003122 0.999995
31.998000 32.521174 0.191141 0.237998 0.000001 0.000005 -0.003124 0.999995
32.047000 32.571175 0.190828 0.237998 0.000002 0.000004 -0.003125 0.999995
32.105000 32.589176 0.190716 0.237997 -0.000001 0.000004 -0.003127 0.999995
32.155000 32.679174 0.190153 0.237998 0.000001 0.000005 -0.003129 0.999995
32.200000 32.722175 0.189883 0.237997 0.000003 0.000004 -0.003129 0.999995
32.254000 32.782175 0.189508 0.237998 0.000001 0.000005 -0.003131 0.999995
32.298000 32.821175 0.189263 0.237998 0.000001 0.000005 -0.003132 0.999995
32.353000 32.879175 0.188900 0.237997 0.000003 0.000004 -0.003133 0.999995
32.398000 32.927176 0.188599 0.237998 0.000001 0.000005 -0.003134 0.999995
32.451000 32.975175 0.188298 0.237998 0.000001 0.000005 -0.003135 0.999995
32.497000 33.017174 0.188035 0.237998 0.000001 0.000005 -0.003135 0.999995
32.573000 33.066176 0.187728 0.237997 -0.000001 0.000004 -0.003135 0.999995
32.613000 33.120175 0.187389 0.237998 0.000001 0.000005 -0.003135 0.999995
32.648000 33.174174 0.187050 0.237998 0.000001 0.000005 -0.003135 0.999995
32.698000 33.218175 0.186775 0.237998 0.000001 0.000005 -0.003130 0.999995
32.760000 33.278160 0.186398 0.237998 0.000001 0.000005 -0.003122 0.999995
32.805000 33.312160 0.186186 0.237998 0.000000 0.000004 -0.003119 0.999995
32.861000 33.375156 0.185792 0.237995 -0.000009 -0.000001 -0.003103 0.999995
32.904000 33.419191 0.185519 0.237999 0.000002 0.000006 -0.003129 0.999995
32.952000 33.480858 0.185134 0.237998 0.000000 0.000004 -0.003099 0.999995
32.998000 33.528891 0.184833 0.237998 0.000001 0.000005 -0.003072 0.999995
33.070000 33.567892 0.184595 0.237998 0.000000 0.000004 -0.003048 0.999995
33.117000 33.617884 0.184290 0.237998 0.000001 0.000004 -0.003058 0.999995
33.151000 33.678884 0.183916 0.237998 0.000001 0.000004 -0.003070 0.999995
33.198000 33.716884 0.183683 0.237998 0.000000 0.000005 -0.003072 0.999995
33.261000 33.790883 0.183227 0.237998 0.000001 0.000005 -0.003084 0.999995
33.303000 33.818883 0.183055 0.237997 0.000003 0.000005 -0.003088 0.999995
33.349000 33.874884 0.182708 0.237998 0.000000 0.000006 -0.003095 0.999995
33.399000 33.918883 0.182436 0.237998 0.000000 0.000007 -0.003100 0.999995
33.455000 33.977883 0.182070 0.237997 0.000005 0.000010 -0.003105 0.999995
33.503000 34.023885 0.181784 0.237997 0.000002 0.000012 -0.003112 0.999995
33.573000 34.057885 0.181572 0.237997 0.000002 0.000013 -0.003115 0.999995
33.616000 34.126885 0.181143 0.237997 0.000004 0.000012 -0.003117 0.999995
33.651000 34.181887 0.180799 0.237998 0.000000 0.000006 -0.003124 0.999995
33.702000 34.227886 0.180511 0.237998 0.000001 0.000006 -0.003128 0.999995
33.751000 34.266886 0.180267 0.237998 0.000001 0.000005 -0.003131 0.999995
33.797000 34.326888 0.179891 0.237998 -0.000001 0.000004 -0.003133 0.999995
33.854000 34.371887 0.179609 0.237998 0.000000 0.000005 -0.003133 0.999995
33.898000 34.422886 0.179290 0.237998 0.000001 0.000004 -0.003129 0.999995
33.950000 34.481885 0.178922 0.237997 0.000001 0.000003 -0.003130 0.999995
33.998000 34.524920 0.178651 0.237999 0.000002 0.000006 -0.003164 0.999995
34.070000 34.596575 0.178200 0.237998 0.000001 0.000003 -0.003121 0.999995
34.116000 34.621560 0.178037 0.237998 0.000002 0.000003 -0.003150 0.999995
34.149000 34.675635 0.177702 0.237998 -0.000001 0.000001 -0.003054 0.999995
34.197000 34.726887 0.177387 0.237998 0.000000 0.000003 -0.003142 0.999995
34.256000 34.785888 0.177013 0.237998 -0.000000 0.000002 -0.003144 0.999995
34.299000 34.816957 0.176818 0.237998 -0.000006 0.000005 -0.003127 0.999995
34.359000 34.883908 0.176399 0.237998 0.000001 0.000004 -0.003178 0.999995
34.407000 34.910908 0.176226 0.237997 0.000002 0.000003 -0.003185 0.999995
34.450000 34.978883 0.175793 0.237998 0.000001 0.000004 -0.003165 0.999995
34.498000 35.027863 0.175482 0.237998 0.000001 0.000004 -0.003186 0.999995
34.558000 35.082863 0.175131 0.237997 0.000002 0.000003 -0.003202 0.999995
34.623000 35.115864 0.174919 0.237998 -0.000001 0.000004 -0.003202 0.999995
34.659000 35.185862 0.174470 0.237998 0.000001 0.000005 -0.003213 0.999995
34.702000 35.223862 0.174226 0.237998 0.000001 0.000004 -0.003218 0.999995
34.758000 35.284863 0.173833 0.237998 0.000000 0.000005 -0.003223 0.999995
34.799000 35.322862 0.173588 0.237998 0.000001 0.000005 -0.003225 0.999995
34.855000 35.375861 0.173246 0.237998 0.000001 0.000005 -0.003230 0.999995
34.897000 35.426862 0.172916 0.237997 -0.000001 0.000004 -0.003235 0.999995
34.951000 35.475861 0.172599 0.237998 0.000001 0.000005 -0.003239 0.999995
34.998000 35.523861 0.172288 0.237998 0.000001 0.000006 -0.003242 0.999995
35.052000 35.581862 0.171911 0.237997 -0.000001 0.000005 -0.003246 0.999995
35.104000 35.593862 0.171834 0.237998 -0.000000 0.000006 -0.003247 0.999995
35.153000 35.674860 0.171307 0.237998 0.000000 0.000006 -0.003250 0.999995
35.197000 35.726861 0.170969 0.237997 -0.000001 0.000006 -0.003251 0.999995
35.252000 35.777861 0.170638 0.237998 0.000000 0.000007 -0.003253 0.999995
35.297000 35.824860 0.170332 0.237998 0.000001 0.000010 -0.003254 0.999995
35.353000 35.877861 0.169987 0.237997 0.000002 0.000010 -0.003253 0.999995
35.400000 35.924767 0.169681 0.237997 -0.000000 0.000012 -0.003256 0.999995
35.447000 35.968748 0.169395 0.237996 0.000001 0.000027 -0.003280 0.999995
35.500000 36.021747 0.169047 0.237995 0.000004 0.000009 -0.003299 0.999995
35.553000 36.077748 0.168676 0.237996 0.000001 -0.000006 -0.003316 0.999995
35.599000 36.088747 0.168603 0.237996 0.000001 -0.000008 -0.003318 0.999994
35.650000 36.168747 0.168072 0.237995 0.000003 -0.000022 -0.003330 0.999994
35.698000 36.221749 0.167718 0.237996 0.000000 -0.000023 -0.003333 0.999994
35.758000 36.279748 0.167332 0.237996 0.000001 -0.000019 -0.003332 0.999994
35.805000 36.329748 0.166999 0.237995 0.000004 -0.000016 -0.003331 0.999994
35.859000 36.377749 0.166678 0.237996 0.000000 -0.000012 -0.003334 0.999994
35.901000 36.421748 0.166385 0.237996 0.000001 -0.000008 -0.003334 0.999994
35.960000 36.479747 0.165998 0.237996 0.000002 -0.000003 -0.003336 0.999994
36.004000 36.529749 0.165664 0.237995 -0.000000 0.000002 -0.003339 0.999994
36.071000 36.557749 0.165477 0.237996 0.000001 0.000006 -0.003339 0.999994
36.114000 36.624747 0.165030 0.237996 0.000001 0.000014 -0.003342 0.999994
36.152000 36.681741 0.164650 0.237994 -0.000011 0.000016 -0.003345 0.999994
36.198000 36.727813 0.164343 0.237997 0.000001 0.000029 -0.003349 0.999994
36.252000 36.777420 0.164010 0.237998 0.000000 0.000004 -0.003410 0.999994
36.298000 36.819467 0.163716 0.237998 0.000004 0.000003 -0.003430 0.999994
36.353000 36.873500 0.163355 0.237998 -0.000001 0.000002 -0.003329 0.999994
36.397000 36.918263 0.163064 0.237997 -0.000002 0.000004 -0.003445 0.999994
36.448000 36.973587 0.162632 0.237998 -0.000001 0.000001 -0.003190 0.999995
36.497000 37.018623 0.162341 0.237998 -0.000003 0.000001 -0.003226 0.999995
36.548000 37.079679 0.161951 0.237998 0.000004 0.000001 -0.003032 0.999995
36.598000 37.126699 0.161643 0.237998 0.000001 0.000003 -0.003004 0.999995
36.653000 37.180735 0.161291 0.237996 0.000005 -0.000001 -0.002999 0.999996
36.699000 37.225872 0.161022 0.237998 0.000002 0.000003 -0.002733 0.999996
36.752000 37.277907 0.160734 0.237998 0.000005 0.000002 -0.002715 0.999996
36.799000 37.327910 0.160457 0.237997 -0.000006 0.000001 -0.002589 0.999997
36.847000 37.374177 0.160215 0.237998 0.000000 0.000003 -0.002639 0.999997
36.898000 37.427003 0.159944 0.237998 0.000001 0.000003 -0.002577 0.999997
36.959000 37.479017 0.159649 0.237999 -0.000001 0.000005 -0.002563 0.999997
37.003000 37.530179 0.159387 0.237998 0.000000 0.000003 -0.002516 0.999997
37.056000 37.581201 0.159129 0.237998 0.000002 0.000003 -0.002518 0.999997
37.103000 37.592202 0.159074 0.237998 0.000001 0.000003 -0.002527 0.999997
37.153000 37.678646 0.158635 0.237999 -0.000005 0.000006 -0.002382 0.999997
37.198000 37.721285 0.158435 0.237998 -0.000001 0.000003 -0.002506 0.999997
37.253000 37.780356 0.158087 0.237998 -0.000003 0.000000 -0.002451 0.999997
37.298000 37.824250 0.157877 0.237998 0.000000 0.000002 -0.002405 0.999997
37.350000 37.884238 0.157592 0.237999 -0.000001 0.000003 -0.002458 0.999997
37.397000 37.931286 0.157302 0.237997 0.000002 -0.000000 -0.002365 0.999997
37.457000 37.989243 0.157000 0.237998 0.000002 0.000001 -0.002306 0.999997
37.505000 38.031078 0.156813 0.237998 -0.000004 0.000001 -0.002345 0.999997
37.575000 38.069188 0.156627 0.237998 0.000000 0.000001 -0.002335 0.999997
37.617000 38.130108 0.156214 0.237998 0.000001 0.000001 -0.002093 0.999998
37.655000 38.186052 0.155994 0.237995 -0.000002 0.000002 -0.002158 0.999998
37.697000 38.236402 0.155760 0.237998 0.000003 0.000002 -0.001956 0.999998
37.754000 38.282303 0.155513 0.237999 0.000002 0.000003 -0.001937 0.999998
37.797000 38.329602 0.155325 0.237999 0.000004 0.000007 -0.001996 0.999998
37.852000 38.385018 0.155108 0.237998 0.000001 0.000004 -0.001913 0.999998
37.897000 38.429861 0.154930 0.237997 -0.000004 0.000002 -0.001879 0.999998
37.955000 38.493304 0.154697 0.237999 0.000002 0.000007 -0.001924 0.999998
37.998000 38.526462 0.154569 0.237998 0.000001 0.000005 -0.001920 0.999998
38.077000 38.576471 0.154376 0.237997 -0.000001 0.000005 -0.001949 0.999998
38.119000 38.610471 0.154243 0.237997 0.000002 0.000012 -0.001968 0.999998
38.148000 38.676469 0.153982 0.237996 0.000001 0.000031 -0.001992 0.999998
38.198000 38.731465 0.153763 0.237995 -0.000001 0.000027 -0.002001 0.999998
38.254000 38.787461 0.153539 0.237996 0.000001 0.000019 -0.002001 0.999998
38.297000 38.824460 0.153391 0.237996 0.000001 0.000012 -0.002004 0.999998
38.352000 38.887462 0.153138 0.237995 -0.000001 -0.000001 -0.002009 0.999998
38.398000 38.930462 0.152966 0.237996 0.000001 -0.000005 -0.002011 0.999998
38.449000 38.978462 0.152773 0.237996 0.000001 -0.000010 -0.002013 0.999998
38.498000 39.026463 0.152579 0.237995 0.000003 -0.000013 -0.002013 0.999998
38.550000 39.086465 0.152338 0.237996 0.000001 -0.000010 -0.002015 0.999998
38.599000 39.138465 0.152128 0.237996 0.000001 -0.000008 -0.002015 0.999998
38.655000 39.186466 0.151935 0.237995 0.000003 -0.000006 -0.002015 0.999998
38.697000 39.220468 0.151797 0.237996 0.000001 -0.000002 -0.002016 0.999998
38.757000 39.289467 0.151519 0.237996 0.000001 0.000007 -0.002018 0.999998
38.804000 39.327468 0.151366 0.237996 0.000002 0.000011 -0.002019 0.999998
38.856000 39.394428 0.151094 0.237996 0.000001 0.000014 -0.002016 0.999998
38.903000 39.420423 0.150990 0.237996 0.000001 0.000005 -0.002015 0.999998
38.955000 39.484422 0.150732 0.237996 0.000003 -0.000015 -0.002015 0.999998
39.002000 39.535426 0.150526 0.237996 0.000001 -0.000023 -0.002013 0.999998
39.053000 39.587426 0.150316 0.237996 0.000001 -0.000024 -0.002008 0.999998
39.098000 39.632427 0.150136 0.237996 0.000001 -0.000023 -0.002003 0.999998
39.167000 39.663429 0.150011 0.237995 0.000001 -0.000021 -0.002000 0.999998
39.208000 39.724429 0.149768 0.237996 0.000001 -0.000014 -0.001997 0.999998
39.259000 39.793429 0.149492 0.237996 0.000002 -0.000010 -0.001997 0.999998
39.304000 39.835431 0.149324 0.237995 -0.000001 -0.000007 -0.001999 0.999998
39.357000 39.889432 0.149108 0.237996 0.000001 -0.000000 -0.001999 0.999998
39.402000 39.921431 0.148980 0.237996 0.000001 0.000004 -0.001999 0.999998
39.455000 39.988435 0.148712 0.237995 -0.000001 0.000011 -0.002003 0.999998
39.501000 40.031384 0.148540 0.237996 0.000001 0.000004 -0.001999 0.999998
39.554000 40.085381 0.148324 0.237996 0.000001 -0.000017 -0.002000 0.999998
39.598000 40.132384 0.148136 0.237995 0.000002 -0.000030 -0.001996 0.999998
39.647000 40.183387 0.147932 0.237996 0.000001 -0.000031 -0.001989 0.999998
39.698000 40.233387 0.147734 0.237996 0.000001 -0.000028 -0.001981 0.999998
39.758000 40.295388 0.147487 0.237995 0.000000 -0.000025 -0.001975 0.999998
39.800000 40.322389 0.147382 0.237996 0.000001 -0.000023 -0.001977 0.999998
39.854000 40.388388 0.147120 0.237996 0.000001 -0.000021 -0.001979 0.999998
39.898000 40.428389 0.146962 0.237995 0.000003 -0.000019 -0.001980 0.999998
