0.000000 0.000000 0.000000 0.000000 -0.000006 0.000005 -0.001609 0.999999
0.204000 0.205890 0.001020 0.000795 -0.000215 -0.000362 -0.000846 1.000000
0.405000 0.404335 0.000148 0.004719 -0.000551 -0.000589 -0.000112 1.000000
0.603000 0.608785 0.000252 0.007232 -0.001179 -0.001598 0.002206 0.999996
0.800000 0.810971 0.003837 0.008216 -0.000949 -0.005961 0.005134 0.999969
1.006000 1.022170 0.009933 0.011857 0.000899 -0.008253 0.007639 0.999936
1.203000 1.226667 0.013121 0.016159 0.000549 -0.008533 0.009077 0.999922
1.402000 1.422876 0.021253 0.017485 0.000698 -0.009347 0.012023 0.999884
1.608000 1.637486 0.024852 0.022429 0.000010 -0.011380 0.015097 0.999821
1.808000 1.838043 0.031912 0.024380 0.001131 -0.010250 0.016698 0.999807
2.005000 2.037871 0.043289 0.022744 0.002778 -0.010476 0.018366 0.999773
2.200000 2.231100 0.052356 0.029846 0.002266 -0.010637 0.020996 0.999720
2.406000 2.441673 0.061422 0.038717 0.001713 -0.010982 0.022418 0.999687
2.604000 2.643586 0.068575 0.045221 0.001541 -0.011799 0.024220 0.999636
2.799000 2.840272 0.083016 0.048343 0.001880 -0.012147 0.026938 0.999562
3.007000 3.039954 0.090996 0.047091 0.001045 -0.009896 0.028347 0.999549
3.201000 3.231459 0.107821 0.054027 0.001165 -0.009883 0.029828 0.999506
3.408000 3.441360 0.119831 0.055358 0.001078 -0.010102 0.032405 0.999423
3.606000 3.637820 0.136737 0.058936 0.001744 -0.010718 0.035327 0.999317
3.802000 3.837293 0.151618 0.062914 0.001638 -0.010912 0.038342 0.999204
4.007000 4.552691 0.203704 0.340590 0.000004 -0.010537 0.040077 0.999141
4.204000 4.748847 0.221703 0.349080 -0.000742 -0.010830 0.043607 0.998990
4.400000 4.947484 0.239700 0.353802 -0.000787 -0.011636 0.046682 0.998842
4.606000 5.150370 0.261950 0.356318 0.001069 -0.010734 0.044945 0.998931
4.800000 5.345042 0.278061 0.363063 0.000809 -0.010945 0.044526 0.998948
5.007000 5.350248 0.275945 0.195712 -0.000959 0.034274 0.042574 0.998505
5.204000 5.549939 0.289346 0.180048 -0.000929 0.033464 0.035714 0.998801
5.400000 5.741220 0.300413 0.166697 -0.000769 0.033562 0.030339 0.998976
5.607000 5.956790 0.310140 0.154513 -0.001232 0.030548 0.026380 0.999184
5.801000 6.144193 0.321123 0.141328 -0.000794 0.032459 0.024266 0.999178
6.008000 6.356035 0.324307 0.131967 -0.001506 0.031520 0.018725 0.999327
6.204000 6.551442 0.329936 0.123209 -0.001674 0.030605 0.015113 0.999416
6.397000 6.754420 0.335286 0.113218 -0.001791 0.027876 0.014133 0.999510
6.603000 6.948252 0.342851 0.093179 -0.000289 0.030922 0.013933 0.999425
6.806000 7.152171 0.347182 0.077986 -0.000685 0.031973 0.013844 0.999393
7.001000 7.346145 0.346243 0.067170 -0.001042 0.031196 0.006378 0.999492
7.207000 7.553727 0.343693 0.055212 -0.002127 0.031535 0.001332 0.999500
7.401000 7.746982 0.344250 0.044837 -0.001648 0.031598 -0.001900 0.999497
7.598000 7.941215 0.343091 0.035361 -0.001780 0.031862 -0.003372 0.999485
7.803000 8.148312 0.339547 0.021592 -0.002232 0.031895 -0.003636 0.999482
7.998000 8.340316 0.338542 0.010263 -0.002435 0.032156 -0.004088 0.999472
8.203000 8.546749 0.334893 -0.005961 -0.002781 0.031993 -0.004288 0.999475
8.398000 7.725087 0.370101 0.084766 -0.002935 0.026782 0.005381 0.999623
8.607000 7.973035 0.379006 0.064100 -0.001560 0.026680 0.005292 0.999629
8.801000 8.161874 0.382251 0.047270 -0.001075 0.026822 0.005257 0.999626
9.006000 8.357967 0.387488 0.033525 0.000310 0.028896 0.005213 0.999569
9.201000 8.542789 0.389571 0.018722 0.000910 0.031896 0.005199 0.999477
9.399000 9.091118 0.360122 0.265572 -0.001173 -0.000094 0.000792 0.999999
9.604000 9.270090 0.357550 0.274473 -0.001857 -0.000803 0.000793 0.999998
9.801000 9.457229 0.359651 0.274008 -0.002094 -0.000652 0.000737 0.999997
10.005000 9.670374 0.357651 0.276756 -0.002392 -0.001833 0.000799 0.999995
10.208000 9.866034 0.358467 0.275215 -0.002566 -0.000676 0.000762 0.999996
10.407000 10.074163 0.358393 0.271435 -0.002186 0.000146 0.000827 0.999997
10.603000 10.380889 0.348112 0.282820 -0.001863 -0.000766 -0.000784 0.999998
10.800000 10.572909 0.343066 0.291344 -0.002694 -0.001018 -0.000732 0.999996
11.006000 10.777325 0.343597 0.295816 -0.002689 -0.001265 -0.000760 0.999995
11.204000 10.985084 0.342904 0.295570 -0.002733 -0.001329 -0.000749 0.999995
11.402000 11.184333 0.341729 0.301019 -0.003322 -0.002495 -0.000758 0.999991
11.599000 11.382125 0.339301 0.302561 -0.004307 -0.003924 -0.000770 0.999983
11.804000 11.577580 0.339192 0.304152 -0.004104 -0.003841 -0.000745 0.999984
12.000000 11.771245 0.339073 0.302249 -0.003761 -0.003736 -0.000738 0.999986
12.206000 11.980364 0.339581 0.294407 -0.003644 -0.003381 -0.000743 0.999987
12.403000 12.182937 0.337280 0.297393 -0.004282 -0.003763 -0.000741 0.999983
12.598000 12.380736 0.339513 0.295140 -0.003668 -0.002884 -0.000766 0.999989
12.805000 12.596454 0.336525 0.304027 -0.004697 -0.003600 -0.000689 0.999982
13.003000 12.784399 0.335590 0.311091 -0.004643 -0.003605 -0.000701 0.999982
13.197000 12.980103 0.334247 0.312044 -0.005019 -0.004009 -0.000766 0.999979
13.400000 13.184921 0.335433 0.319014 -0.005030 -0.004679 -0.000833 0.999976
13.609000 13.392198 0.334620 0.319739 -0.005000 -0.004630 -0.000859 0.999976
13.802000 13.587440 0.338424 0.316288 -0.003553 -0.003757 -0.000896 0.999986
14.006000 13.960929 0.334737 0.309497 -0.002405 -0.003865 -0.001310 0.999989
14.202000 14.135023 0.330756 0.315307 -0.003056 -0.003818 -0.001284 0.999987
14.398000 14.306251 0.331991 0.320525 -0.003207 -0.003892 -0.001314 0.999986
14.607000 14.538454 0.329970 0.324715 -0.003283 -0.004627 -0.001266 0.999983
14.803000 14.724344 0.331847 0.328236 -0.002975 -0.004654 -0.001293 0.999984
14.999000 14.937224 0.328837 0.331646 -0.003854 -0.005050 -0.001294 0.999979
15.206000 15.186287 0.336399 0.297790 -0.001953 -0.002747 -0.000974 0.999994
15.401000 15.371483 0.332785 0.300367 -0.002214 -0.003144 -0.000948 0.999992
15.609000 15.549641 0.332357 0.311411 -0.002798 -0.003001 -0.000958 0.999991
15.804000 15.786651 0.331891 0.307106 -0.002298 -0.003634 -0.000910 0.999990
16.009000 15.980987 0.332507 0.302386 -0.002274 -0.003274 -0.000926 0.999992
16.206000 16.195417 0.332434 0.308117 -0.002325 -0.004280 -0.000917 0.999988
16.401000 16.357935 0.331864 0.313803 -0.002318 -0.003971 -0.000917 0.999989
16.600000 16.565912 0.329863 0.322991 -0.002678 -0.004477 -0.001069 0.999986
16.807000 16.752987 0.330192 0.332020 -0.003118 -0.005169 -0.001363 0.999981
17.005000 16.954906 0.330321 0.319930 -0.002192 -0.004391 -0.001493 0.999987
17.203000 17.170071 0.333196 0.325865 -0.001339 -0.004072 -0.001509 0.999990
17.400000 17.385351 0.332888 0.326649 -0.001099 -0.004315 -0.001535 0.999989
17.608000 17.565065 0.330956 0.331201 -0.001270 -0.004093 -0.001550 0.999990
17.805000 17.771193 0.328170 0.337391 -0.001579 -0.004543 -0.001535 0.999987
18.002000 17.959705 0.330168 0.337740 -0.001398 -0.004550 -0.001573 0.999987
18.208000 18.191109 0.328837 0.330980 -0.000892 -0.003817 -0.001547 0.999991
18.405000 18.366417 0.331575 0.332229 -0.000588 -0.003466 -0.001589 0.999993
18.603000 18.166145 0.327385 0.265389 0.001612 -0.000366 -0.001635 0.999997
18.803000 18.403210 0.327928 0.258137 0.002467 -0.000249 -0.001615 0.999996
19.008000 18.615448 0.324909 0.256914 0.002058 -0.000053 -0.001598 0.999997
19.209000 18.811052 0.326727 0.255755 0.002006 -0.000167 -0.001649 0.999997
19.404000 19.034674 0.322730 0.271831 0.001390 -0.000965 -0.001608 0.999997
19.600000 19.388153 0.312108 0.298083 0.000325 -0.001866 -0.002149 0.999996
19.804000 19.521008 0.312012 0.297735 0.000301 -0.001255 -0.002165 0.999997
20.010000 19.726297 0.306945 0.294755 -0.000718 -0.000950 -0.002136 0.999997
20.209000 19.896555 0.308116 0.289660 -0.000222 -0.000243 -0.002168 0.999998
20.406000 20.134083 0.303584 0.295964 -0.001478 -0.000782 -0.002118 0.999996
20.605000 20.353327 0.305173 0.293419 -0.001644 -0.000932 -0.002160 0.999996
20.804000 20.637033 0.292664 0.277238 -0.001297 -0.000197 -0.002556 0.999996
21.000000 20.798382 0.291344 0.279987 -0.001133 -0.000414 -0.002574 0.999996
21.206000 20.983982 0.289845 0.282006 -0.001426 -0.000422 -0.002605 0.999996
21.404000 21.219313 0.288204 0.280255 -0.001619 -0.000261 -0.002601 0.999995
21.597000 21.396616 0.288582 0.275550 -0.001100 -0.000182 -0.002727 0.999996
21.802000 21.604969 0.284079 0.270511 -0.002170 0.000217 -0.002788 0.999994
22.006000 21.789478 0.283777 0.263060 -0.002554 0.000937 -0.002803 0.999992
22.202000 21.966011 0.285343 0.264174 -0.001498 0.000888 -0.002667 0.999995
22.403000 22.163225 0.282809 0.266755 -0.001860 0.000825 -0.002737 0.999994
22.600000 22.395073 0.281592 0.269209 -0.001909 0.000190 -0.002756 0.999994
22.804000 22.605003 0.279389 0.274767 -0.002465 -0.000023 -0.002725 0.999993
23.001000 22.804623 0.279256 0.274793 -0.001799 -0.000622 -0.002801 0.999994
23.209000 22.986897 0.278077 0.277179 -0.001706 -0.000383 -0.002750 0.999995
23.406000 23.143478 0.277463 0.273591 -0.001648 -0.000204 -0.002612 0.999995
23.601000 23.381931 0.274539 0.279266 -0.002319 -0.000525 -0.002430 0.999994
23.806000 23.569784 0.273625 0.280911 -0.002713 -0.000794 -0.002270 0.999993
24.000000 23.764679 0.271044 0.274666 -0.003258 -0.000350 -0.002113 0.999992
24.202000 24.073851 0.274023 0.295910 -0.003400 -0.000649 -0.002076 0.999992
24.407000 24.256590 0.273591 0.296703 -0.003139 -0.000722 -0.002058 0.999993
24.604000 24.431204 0.270569 0.296758 -0.003958 -0.000908 -0.002001 0.999990
24.800000 24.602406 0.270461 0.298595 -0.003653 -0.001032 -0.002007 0.999991
25.005000 24.778099 0.269577 0.299633 -0.003639 -0.000826 -0.002003 0.999991
25.199000 24.944023 0.267946 0.296907 -0.003519 -0.000317 -0.001999 0.999992
25.408000 25.195038 0.273159 0.294254 -0.003319 -0.000455 -0.001864 0.999993
25.602000 25.357189 0.272804 0.296370 -0.002353 0.000471 -0.001833 0.999995
25.806000 25.526217 0.273067 0.296698 -0.002474 0.000672 -0.001849 0.999995
26.004000 25.689173 0.269383 0.302705 -0.003019 0.001075 -0.001809 0.999993
26.204000 25.853193 0.268862 0.300633 -0.003070 0.000414 -0.001806 0.999994
26.401000 26.012949 0.268295 0.296211 -0.002783 0.000725 -0.001792 0.999994
26.599000 26.174786 0.268619 0.294916 -0.001948 0.000228 -0.001804 0.999996
26.805000 26.343222 0.268922 0.298158 -0.002762 0.000238 -0.001792 0.999995
27.002000 26.505415 0.267687 0.299747 -0.002466 -0.000201 -0.001767 0.999995
27.207000 26.672989 0.267006 0.304572 -0.002500 -0.000448 -0.001811 0.999995
27.403000 26.834641 0.267327 0.297303 -0.001770 -0.000267 -0.001895 0.999997
27.607000 27.003216 0.264088 0.299695 -0.002300 -0.000486 -0.001927 0.999995
27.804000 27.166925 0.262934 0.304859 -0.002671 -0.000576 -0.001970 0.999994
28.000000 27.330471 0.262573 0.299122 -0.002115 -0.000476 -0.001799 0.999996
28.208000 27.302401 0.264831 0.283353 -0.001062 -0.000210 -0.001843 0.999998
28.401000 27.463964 0.263943 0.286103 -0.000772 -0.000387 -0.001823 0.999998
28.599000 27.627985 0.261677 0.286912 -0.000965 -0.000491 -0.001770 0.999998
28.805000 27.797230 0.260740 0.290949 -0.001113 -0.000744 -0.001844 0.999997
29.002000 27.958206 0.259612 0.293552 -0.001282 -0.000806 -0.002044 0.999997
29.210000 28.132038 0.259696 0.287408 -0.000563 -0.000937 -0.002056 0.999997
29.404000 28.295111 0.260414 0.287139 -0.000406 -0.001005 -0.002099 0.999997
29.599000 28.660461 0.256642 0.313339 -0.001137 -0.002085 -0.002187 0.999995
29.803000 28.832043 0.254647 0.319014 -0.001804 -0.002166 -0.002215 0.999994
30.000000 28.997303 0.253676 0.323431 -0.001692 -0.002319 -0.002216 0.999993
30.207000 29.172514 0.252784 0.318495 -0.001608 -0.002295 -0.002208 0.999994
30.402000 29.335651 0.251137 0.317258 -0.001540 -0.002381 -0.002220 0.999994
30.606000 29.506050 0.253036 0.320303 -0.000853 -0.002531 -0.002263 0.999994
30.800000 29.831604 0.245158 0.286476 0.000630 -0.001794 -0.002412 0.999995
31.005000 30.003687 0.245519 0.289824 0.000582 -0.001800 -0.002413 0.999995
31.203000 30.169363 0.242797 0.293859 0.000160 -0.001887 -0.002405 0.999995
31.404000 30.336721 0.243397 0.292588 0.000495 -0.001977 -0.002427 0.999995
31.608000 30.507339 0.241547 0.292929 0.000432 -0.002009 -0.002402 0.999995
31.804000 30.671295 0.241351 0.295745 0.000591 -0.002104 -0.002410 0.999995
31.997000 30.833792 0.239868 0.290101 0.000376 -0.002146 -0.002417 0.999995
32.204000 31.005741 0.237446 0.296114 0.000057 -0.002176 -0.002427 0.999995
32.401000 31.171207 0.238368 0.294116 0.000411 -0.002209 -0.002453 0.999994
32.599000 31.336405 0.235922 0.296375 0.000207 -0.002231 -0.002436 0.999995
32.806000 31.508076 0.235575 0.297556 0.000113 -0.002339 -0.002420 0.999994
33.002000 31.671593 0.233956 0.288942 0.000257 -0.002195 -0.002320 0.999995
33.211000 31.845224 0.232935 0.292130 -0.000016 -0.002401 -0.002376 0.999994
33.405000 32.005463 0.230715 0.299325 -0.000536 -0.002389 -0.002404 0.999994
33.601000 32.167049 0.228946 0.306059 -0.000617 -0.002491 -0.002415 0.999994
33.803000 32.333340 0.229748 0.304051 -0.000123 -0.002505 -0.002440 0.999994
34.001000 32.495697 0.226565 0.307946 -0.000761 -0.002562 -0.002484 0.999993
34.206000 32.665024 0.224415 0.302755 -0.001254 -0.002515 -0.002458 0.999993
34.400000 32.825108 0.222016 0.296331 -0.001385 -0.002351 -0.002487 0.999993
34.607000 33.280590 0.218487 0.336727 -0.003775 -0.003427 -0.002522 0.999984
34.804000 33.439816 0.219475 0.339956 -0.003551 -0.003405 -0.002559 0.999985
34.998000 33.596573 0.218465 0.338875 -0.003594 -0.003372 -0.002577 0.999985
35.201000 33.760086 0.215892 0.343552 -0.004164 -0.003344 -0.002587 0.999982
35.395000 33.914806 0.216696 0.341222 -0.003593 -0.003348 -0.002605 0.999985
35.600000 34.076290 0.212963 0.343085 -0.004296 -0.003282 -0.002654 0.999982
35.807000 34.239899 0.211747 0.346350 -0.004190 -0.003348 -0.002668 0.999982
36.003000 34.393185 0.211692 0.352527 -0.004054 -0.003421 -0.002682 0.999982
36.202000 34.547092 0.211372 0.353056 -0.003618 -0.003406 -0.002694 0.999984
36.398000 34.699097 0.211373 0.352962 -0.003508 -0.003382 -0.002585 0.999985
36.603000 34.858856 0.209805 0.353298 -0.003622 -0.003371 -0.002282 0.999985
36.799000 35.012665 0.208851 0.353593 -0.003529 -0.003323 -0.001979 0.999986
37.004000 35.174347 0.207396 0.351578 -0.003776 -0.003207 -0.001870 0.999986
37.202000 35.331833 0.205197 0.354453 -0.004204 -0.003227 -0.001862 0.999984
37.405000 35.493832 0.206891 0.354092 -0.003441 -0.003256 -0.001689 0.999987
37.604000 35.651508 0.205762 0.353994 -0.003758 -0.003244 -0.001438 0.999987
37.800000 35.807545 0.205077 0.354652 -0.003783 -0.003196 -0.001296 0.999987
38.002000 35.966438 0.205125 0.351546 -0.003458 -0.003167 -0.001285 0.999988
38.205000 36.126972 0.203871 0.352742 -0.003679 -0.003170 -0.001344 0.999987
38.398000 36.277767 0.201118 0.359783 -0.004930 -0.003112 -0.001363 0.999982
38.606000 36.440399 0.201349 0.355249 -0.003813 -0.003087 -0.001359 0.999987
38.805000 36.989285 0.203201 0.327163 -0.001452 -0.002277 -0.001284 0.999996
39.002000 37.141926 0.204040 0.327616 -0.001354 -0.002264 -0.001288 0.999996
39.209000 37.303078 0.203648 0.325737 -0.000989 -0.002249 -0.001264 0.999996
39.405000 37.454754 0.202838 0.325085 -0.001293 -0.002198 -0.001277 0.999996
39.604000 37.607407 0.202321 0.322023 -0.001126 -0.002195 -0.001268 0.999996
