0.000000 0.000000 0.000000 0.000000 -0.000006 0.000005 -0.001609 0.999999
0.204000 0.205890 0.001020 0.000795 -0.000215 -0.000362 -0.000846 1.000000
0.405000 0.404335 0.000148 0.004719 -0.000551 -0.000589 -0.000112 1.000000
0.603000 0.608785 0.000252 0.007232 -0.001179 -0.001598 0.002206 0.999996
0.800000 0.810971 0.003837 0.008216 -0.000949 -0.005961 0.005134 0.999969
1.006000 1.022170 0.009933 0.011857 0.000899 -0.008253 0.007639 0.999936
1.203000 1.226667 0.013122 0.016159 0.000549 -0.008533 0.009077 0.999922
1.402000 1.422876 0.021253 0.017485 0.000698 -0.009347 0.012023 0.999884
1.608000 1.637486 0.024852 0.022429 0.000010 -0.011380 0.015097 0.999821
1.808000 1.838044 0.031908 0.024399 0.001130 -0.010252 0.016698 0.999807
2.005000 2.037870 0.043289 0.022744 0.002779 -0.010476 0.018366 0.999773
2.200000 2.231098 0.052356 0.029845 0.002266 -0.010637 0.020996 0.999720
2.406000 2.441680 0.061423 0.038717 0.001712 -0.010982 0.022418 0.999687
2.604000 2.643656 0.068486 0.045232 0.001538 -0.011801 0.024222 0.999636
2.799000 2.840270 0.083016 0.048340 0.001881 -0.012148 0.026938 0.999562
3.007000 3.039954 0.090996 0.047091 0.001045 -0.009896 0.028347 0.999549
3.201000 3.231458 0.107823 0.054026 0.001166 -0.009883 0.029828 0.999506
3.408000 3.441360 0.119831 0.055358 0.001078 -0.010102 0.032405 0.999423
3.606000 3.637819 0.136737 0.058936 0.001744 -0.010718 0.035327 0.999317
3.802000 3.837293 0.151618 0.062914 0.001638 -0.010912 0.038342 0.999204
4.007000 4.039256 0.167188 0.068780 0.000005 -0.010537 0.040077 0.999141
4.204000 4.236146 0.185702 0.074481 0.000021 -0.010372 0.043637 0.998994
4.400000 4.429080 0.206726 0.080348 -0.000338 -0.010800 0.046628 0.998854
4.606000 4.639285 0.225502 0.080067 0.001285 -0.010049 0.044956 0.998938
4.800000 4.828929 0.242981 0.088603 0.000936 -0.010417 0.044499 0.998955
5.007000 5.037871 0.259380 0.090134 0.000636 -0.010030 0.044197 0.998972
5.204000 5.233396 0.274315 0.096308 0.001151 -0.009898 0.037320 0.999254
5.400000 5.429317 0.283260 0.099194 0.001346 -0.010406 0.032024 0.999432
5.607000 5.638590 0.294726 0.107162 0.000747 -0.011333 0.028004 0.999543
5.801000 5.831098 0.304193 0.107574 0.001842 -0.010095 0.025995 0.999609
6.008000 6.035539 0.309699 0.112844 0.000866 -0.010001 0.020359 0.999742
6.204000 6.234054 0.313272 0.116441 0.000045 -0.009910 0.016772 0.999810
6.397000 6.428213 0.321109 0.121185 0.000821 -0.009875 0.015811 0.999826
6.603000 6.628391 0.328580 0.124731 0.001026 -0.009607 0.015626 0.999831
6.806000 6.836719 0.332224 0.131027 0.000304 -0.010428 0.015533 0.999825
7.001000 7.030702 0.334237 0.135813 0.000848 -0.010274 0.008032 0.999915
7.207000 7.239418 0.332663 0.141067 0.001218 -0.010421 0.002983 0.999941
7.401000 7.428211 0.333930 0.147294 0.001245 -0.010275 -0.000251 0.999946
7.598000 7.629818 0.332535 0.149467 0.001668 -0.010205 -0.001682 0.999945
7.803000 7.829603 0.332524 0.154633 0.001738 -0.010336 -0.002000 0.999943
7.998000 8.032010 0.327606 0.159749 0.000563 -0.011573 -0.002409 0.999930
8.203000 8.230642 0.328743 0.161562 0.001455 -0.010738 -0.002665 0.999938
8.398000 8.431794 0.324761 0.165390 0.000619 -0.010761 -0.002691 0.999938
8.607000 8.631963 0.328578 0.167078 0.001200 -0.010334 -0.002782 0.999942
8.801000 8.824518 0.326994 0.165493 0.001381 -0.009860 -0.002785 0.999947
9.006000 9.020323 0.326953 0.165397 0.001493 -0.008392 -0.002820 0.999960
9.201000 9.202806 0.327384 0.159456 0.002234 -0.004651 -0.002806 0.999983
9.399000 9.407619 0.327858 0.161302 0.003131 -0.004935 -0.002785 0.999979
9.604000 9.615358 0.320869 0.160443 0.000634 -0.002385 -0.002767 0.999993
9.801000 9.807416 0.320258 0.166348 0.000557 -0.003331 -0.002805 0.999990
10.005000 10.009041 0.318698 0.172415 0.000939 -0.003722 -0.002749 0.999989
10.208000 10.212169 0.320209 0.181440 0.001237 -0.005659 -0.002807 0.999979
10.407000 10.414853 0.319720 0.184652 0.001944 -0.006791 -0.002745 0.999971
10.603000 10.613382 0.317134 0.187856 0.000688 -0.006842 -0.002720 0.999973
10.800000 10.815035 0.314744 0.190017 0.000496 -0.006891 -0.002665 0.999973
11.006000 11.022116 0.313957 0.198955 0.000707 -0.007138 -0.002700 0.999971
11.204000 11.219620 0.314035 0.207581 0.001602 -0.007628 -0.002674 0.999966
11.402000 11.419110 0.314437 0.214622 0.002032 -0.008170 -0.002689 0.999961
11.599000 11.620726 0.314121 0.216172 0.002599 -0.008738 -0.002672 0.999955
11.804000 11.825071 0.311512 0.225680 0.002051 -0.009010 -0.002694 0.999954
12.000000 12.017097 0.308879 0.232752 0.001283 -0.009039 -0.002680 0.999955
12.206000 12.210144 0.309220 0.234939 0.001353 -0.009056 -0.002707 0.999954
12.403000 12.422696 0.308653 0.233460 0.002113 -0.009817 -0.002656 0.999946
12.598000 12.608788 0.311852 0.231136 0.003566 -0.009114 -0.002689 0.999948
12.805000 12.841703 0.308447 0.241891 0.003264 -0.010091 -0.002595 0.999940
13.003000 13.021521 0.306236 0.251472 0.002197 -0.009804 -0.002656 0.999946
13.197000 13.226483 0.304173 0.257175 0.002355 -0.010303 -0.002685 0.999941
13.400000 13.422293 0.305406 0.268898 0.002894 -0.010754 -0.002753 0.999934
13.609000 13.642588 0.302434 0.270208 0.002411 -0.010859 -0.002769 0.999934
13.802000 13.827488 0.303979 0.271243 0.002828 -0.009984 -0.002829 0.999942
14.006000 14.041380 0.302908 0.268298 0.002825 -0.010266 -0.002816 0.999939
14.202000 14.223715 0.300284 0.276564 0.002443 -0.010172 -0.002811 0.999941
14.398000 14.419646 0.299008 0.280060 0.002451 -0.010285 -0.002787 0.999940
14.607000 14.628959 0.298505 0.290005 0.002277 -0.010721 -0.002793 0.999936
14.803000 14.841520 0.297160 0.289298 0.002505 -0.010742 -0.002766 0.999935
14.999000 15.025243 0.298141 0.292722 0.002731 -0.010129 -0.002815 0.999941
15.206000 15.249959 0.294354 0.295046 0.002231 -0.010312 -0.002786 0.999940
15.401000 15.424778 0.293377 0.300966 0.002225 -0.010213 -0.002812 0.999941
15.609000 15.638577 0.291388 0.305839 0.002170 -0.010599 -0.002776 0.999938
15.804000 15.828773 0.291694 0.312004 0.002408 -0.010851 -0.002781 0.999934
16.009000 16.044479 0.290474 0.313548 0.002462 -0.010784 -0.002766 0.999935
16.206000 16.231243 0.289998 0.318861 0.002479 -0.010261 -0.002788 0.999940
16.401000 16.441038 0.288744 0.321835 0.002502 -0.010491 -0.002756 0.999938
16.600000 16.621305 0.286949 0.328513 0.002536 -0.010264 -0.002921 0.999940
16.807000 16.829525 0.285233 0.335583 0.002558 -0.010603 -0.003172 0.999935
17.005000 17.027208 0.284367 0.341192 0.002356 -0.010984 -0.003336 0.999931
17.203000 17.241638 0.282233 0.342699 0.002276 -0.010586 -0.003329 0.999936
17.400000 17.433704 0.282814 0.345261 0.002893 -0.010568 -0.003388 0.999934
17.608000 17.654686 0.280963 0.347721 0.002893 -0.010528 -0.003372 0.999935
17.805000 17.819767 0.278891 0.353112 0.002865 -0.010262 -0.003386 0.999938
18.002000 18.027685 0.277235 0.359265 0.002799 -0.010564 -0.003387 0.999935
18.208000 18.226164 0.275229 0.361808 0.002268 -0.010407 -0.003415 0.999937
18.405000 18.431704 0.276172 0.351778 0.003342 -0.009709 -0.003396 0.999942
18.603000 18.626955 0.274139 0.352664 0.002612 -0.009010 -0.003433 0.999950
18.803000 18.845928 0.273554 0.354947 0.003095 -0.008833 -0.003371 0.999951
19.008000 19.013599 0.269650 0.364694 0.002370 -0.008805 -0.003398 0.999953
19.209000 19.188213 0.268177 0.370554 0.001991 -0.008886 -0.003430 0.999953
19.404000 19.400059 0.267888 0.371066 0.002641 -0.008711 -0.003418 0.999953
19.600000 19.630688 0.263383 0.374473 0.001353 -0.009356 -0.003414 0.999949
19.804000 19.834209 0.264563 0.381490 0.002084 -0.009549 -0.003441 0.999946
20.010000 20.059147 0.263649 0.387324 0.002377 -0.010136 -0.003393 0.999940
20.209000 20.229633 0.261394 0.392394 0.001966 -0.009893 -0.003420 0.999943
20.406000 20.432577 0.259068 0.394982 0.001587 -0.010189 -0.003398 0.999941
20.605000 20.632376 0.256557 0.405368 0.001132 -0.010447 -0.003427 0.999939
20.804000 20.830612 0.255968 0.404470 0.001521 -0.010518 -0.003460 0.999938
21.000000 21.034391 0.254181 0.407000 0.001314 -0.010156 -0.003483 0.999941
21.206000 21.230970 0.250944 0.410162 0.000201 -0.010089 -0.003517 0.999943
21.404000 21.429415 0.248801 0.417533 0.000213 -0.010029 -0.003523 0.999943
21.597000 21.628096 0.247706 0.421454 0.000260 -0.010158 -0.003640 0.999942
21.802000 21.829388 0.246328 0.426414 0.000357 -0.010529 -0.003720 0.999938
22.006000 22.040855 0.244063 0.433501 0.000186 -0.010760 -0.003713 0.999935
22.202000 22.229197 0.245804 0.427565 0.001563 -0.010177 -0.003536 0.999941
22.403000 22.427769 0.241978 0.430683 0.000060 -0.009943 -0.003642 0.999944
22.600000 22.622038 0.240527 0.438493 0.000125 -0.009913 -0.003674 0.999944
22.804000 22.814550 0.239763 0.444136 0.000380 -0.009945 -0.003635 0.999944
23.001000 23.002132 0.239089 0.445273 0.000826 -0.010119 -0.003720 0.999942
23.209000 23.198626 0.237946 0.449519 0.000914 -0.009945 -0.003669 0.999943
23.406000 23.382828 0.236822 0.452775 0.001007 -0.010277 -0.003517 0.999940
23.601000 23.563267 0.236905 0.456591 0.000890 -0.010206 -0.003370 0.999942
23.806000 23.751135 0.233397 0.463308 0.000986 -0.009979 -0.003160 0.999945
24.000000 23.924847 0.232185 0.468392 0.000403 -0.010163 -0.003037 0.999944
24.202000 24.102314 0.230841 0.470967 0.000906 -0.010281 -0.002994 0.999942
24.407000 24.281263 0.228554 0.477205 0.000431 -0.010433 -0.002977 0.999941
24.604000 24.453114 0.225754 0.480400 0.000181 -0.010287 -0.002919 0.999943
24.800000 24.621796 0.225343 0.482302 0.000099 -0.010376 -0.002945 0.999942
25.005000 24.794832 0.225115 0.482702 0.000875 -0.010592 -0.002898 0.999939
25.199000 24.957714 0.223644 0.489448 0.000757 -0.010662 -0.002895 0.999939
25.408000 25.132217 0.223978 0.493215 0.000759 -0.010766 -0.002899 0.999938
25.602000 25.291849 0.221484 0.499094 0.000763 -0.011154 -0.002869 0.999933
25.806000 25.458050 0.220210 0.505241 0.000838 -0.011262 -0.002848 0.999932
26.004000 25.618591 0.219480 0.502592 0.001107 -0.011440 -0.002820 0.999930
26.204000 25.779385 0.220157 0.505699 0.001689 -0.011155 -0.002780 0.999932
26.401000 25.935764 0.219934 0.512472 0.001401 -0.011142 -0.002825 0.999933
26.599000 26.094242 0.217515 0.519785 0.001064 -0.011191 -0.002838 0.999933
26.805000 26.259157 0.217373 0.521634 0.001600 -0.011223 -0.002760 0.999932
27.002000 26.417618 0.215408 0.528054 0.001104 -0.011250 -0.002805 0.999932
27.207000 26.581358 0.213009 0.528652 0.000980 -0.011254 -0.002842 0.999932
27.403000 26.738358 0.212697 0.535543 0.001060 -0.011293 -0.002941 0.999931
27.607000 26.902176 0.213117 0.533170 0.001814 -0.011442 -0.002973 0.999928
27.804000 27.060768 0.213051 0.536560 0.001976 -0.011422 -0.003031 0.999928
28.000000 27.218426 0.210847 0.541389 0.001710 -0.011437 -0.002861 0.999929
28.208000 27.385218 0.209609 0.547553 0.001611 -0.011456 -0.002868 0.999929
28.401000 27.540932 0.208147 0.553519 0.001310 -0.011432 -0.002877 0.999930
28.599000 27.698586 0.207257 0.555306 0.001819 -0.011440 -0.002821 0.999929
28.805000 27.861164 0.206873 0.553331 0.002403 -0.011492 -0.002899 0.999927
29.002000 28.015047 0.206076 0.556667 0.002057 -0.011475 -0.003099 0.999927
29.210000 28.180464 0.203143 0.565257 0.001344 -0.011314 -0.003129 0.999930
29.404000 28.335709 0.202797 0.570708 0.001299 -0.011328 -0.003168 0.999930
29.599000 28.492605 0.200104 0.569868 0.001428 -0.011307 -0.003164 0.999930
29.803000 28.655260 0.199308 0.576523 0.001409 -0.011328 -0.003187 0.999930
30.000000 28.811888 0.197404 0.577446 0.001059 -0.011238 -0.003196 0.999931
30.207000 28.977352 0.195175 0.579987 0.001074 -0.011205 -0.003190 0.999932
30.402000 29.131027 0.196117 0.585408 0.001134 -0.011311 -0.003228 0.999930
30.606000 29.291262 0.194014 0.587742 0.001465 -0.011174 -0.003227 0.999931
30.800000 29.443495 0.192282 0.592982 0.001060 -0.011148 -0.003251 0.999932
31.005000 29.604675 0.191613 0.595334 0.001296 -0.011118 -0.003256 0.999932
31.203000 29.759319 0.188509 0.602320 0.000704 -0.011071 -0.003262 0.999933
31.404000 29.915289 0.189330 0.605621 0.001030 -0.011074 -0.003288 0.999933
31.608000 30.073826 0.185753 0.605849 0.000655 -0.010947 -0.003264 0.999935
31.804000 30.225889 0.185723 0.609586 0.000949 -0.011061 -0.003278 0.999933
31.997000 30.375893 0.183914 0.618694 0.000843 -0.010958 -0.003276 0.999934
32.204000 30.534616 0.182090 0.619703 0.000885 -0.010933 -0.003271 0.999934
32.401000 30.686880 0.181096 0.623749 0.000430 -0.010902 -0.003311 0.999935
32.599000 30.838442 0.179475 0.630076 0.000902 -0.011024 -0.003279 0.999933
32.806000 30.995754 0.176262 0.629703 0.000094 -0.010768 -0.003273 0.999937
33.002000 31.144983 0.174616 0.634614 -0.000193 -0.010785 -0.003199 0.999937
33.211000 31.302895 0.172460 0.639181 -0.000470 -0.010767 -0.003249 0.999937
33.405000 31.448645 0.173317 0.639990 0.000140 -0.010732 -0.003273 0.999937
33.601000 31.595039 0.172702 0.641095 0.000313 -0.010708 -0.003287 0.999937
33.803000 31.744740 0.171814 0.640399 0.000857 -0.010665 -0.003281 0.999937
34.001000 31.890909 0.169162 0.645481 -0.000188 -0.010468 -0.003352 0.999940
34.206000 32.042793 0.169695 0.643219 0.000815 -0.010528 -0.003314 0.999939
34.400000 32.185940 0.167460 0.647309 0.000569 -0.010357 -0.003342 0.999941
34.607000 32.336414 0.165613 0.659548 -0.000126 -0.010472 -0.003399 0.999939
34.804000 32.477402 0.163361 0.662842 0.000029 -0.010404 -0.003392 0.999940
34.998000 32.615631 0.162203 0.666534 0.000060 -0.010367 -0.003410 0.999940
35.201000 32.759293 0.161268 0.670554 -0.000260 -0.010282 -0.003432 0.999941
35.395000 32.894333 0.157882 0.675455 -0.000812 -0.010257 -0.003442 0.999941
35.600000 33.034878 0.157609 0.677519 -0.000171 -0.010217 -0.003503 0.999942
35.807000 33.176514 0.155031 0.677348 -0.000856 -0.010014 -0.003536 0.999943
36.003000 33.308578 0.154200 0.675394 -0.000476 -0.009894 -0.003538 0.999945
36.202000 33.440544 0.151993 0.680250 -0.000936 -0.009939 -0.003565 0.999944
36.398000 33.570244 0.152345 0.681060 -0.000439 -0.009896 -0.003437 0.999945
36.603000 33.706093 0.151212 0.684639 -0.000360 -0.009890 -0.003127 0.999946
36.799000 33.836475 0.149294 0.690317 -0.000791 -0.009837 -0.002823 0.999947
37.004000 33.973209 0.148151 0.692767 -0.000770 -0.009837 -0.002703 0.999948
37.202000 34.105999 0.145880 0.694296 -0.001288 -0.009740 -0.002694 0.999948
37.405000 34.241684 0.145249 0.698428 -0.001218 -0.009702 -0.002543 0.999949
37.604000 34.373287 0.145702 0.701516 -0.000766 -0.009831 -0.002287 0.999949
37.800000 34.502747 0.146215 0.706461 0.000168 -0.011145 -0.002109 0.999936
38.002000 34.633762 0.145832 0.709741 0.000395 -0.011198 -0.002103 0.999935
38.205000 34.765438 0.145258 0.712035 0.000384 -0.011314 -0.002170 0.999934
38.398000 34.888542 0.144027 0.715959 0.000412 -0.011450 -0.002170 0.999932
38.606000 35.020527 0.143273 0.717270 0.000651 -0.011525 -0.002181 0.999931
38.805000 35.146626 0.143800 0.715382 0.000964 -0.011572 -0.002214 0.999930
39.002000 35.268749 0.140232 0.722238 -0.000002 -0.011464 -0.002231 0.999932
39.209000 35.397339 0.139502 0.722591 0.000291 -0.011296 -0.002213 0.999934
39.405000 35.517563 0.137066 0.722693 -0.000916 -0.010857 -0.002227 0.999938
39.604000 35.637691 0.136522 0.727635 -0.000845 -0.010850 -0.002181 0.999938
